0 0.506364 0.878282 0.100719 0.147574
0 0.763973 0.624946 0.004981 0.000984
0 0.755672 0.517217 0.064748 0.163316
0 0.877421 0.470977 0.051467 0.094448
0 0.539845 0.446873 0.047039 0.091496
0 0.447150 0.445889 0.039845 0.069852
0 0.190647 0.538861 0.064748 0.094448
0 0.095739 0.642655 0.027670 0.058046
0 0.113724 0.574771 0.027117 0.069852
0 0.308522 0.395714 0.020476 0.026563
0 0.342003 0.374562 0.021029 0.033450
0 0.375761 0.360296 0.018816 0.036402
0 0.175982 0.595923 0.021029 0.057062
0 0.050913 0.645115 0.048700 0.074771