0 0.063365 0.522136 0.057001 0.106253
0 0.158827 0.510822 0.045379 0.071819
0 0.255119 0.451792 0.029884 0.052143
0 0.194798 0.466058 0.034311 0.102318
0 0.312673 0.434575 0.028777 0.037385
0 0.443276 0.212230 0.027670 0.080674
0 0.387659 0.290936 0.019369 0.047224
0 0.328722 0.249616 0.026563 0.053127
0 0.834809 0.402109 0.037078 0.088545
0 0.969009 0.471469 0.048700 0.119043
1 0.734090 0.478848 0.063641 0.072803
0 0.611511 0.276671 0.025457 0.054111
0 0.499447 0.297331 0.013835 0.036402
0 0.634477 0.280114 0.012728 0.027547