0 0.025 0.160185 0.041145 0.080555
0 0.083854 0.208333 0.053125 0.1
1 0.1 0.360185 0.051562 0.096296
0 0.047916 0.856481 0.077083 0.141666
0 0.260937 0.106481 0.058854 0.087037
0 0.274479 0.384259 0.056770 0.113888
0 0.167708 0.650925 0.057291 0.132407
0 0.125520 0.740740 0.071875 0.138888
0 0.377083 0.913888 0.066145 0.132407
0 0.486979 0.106481 0.068229 0.102777
0 0.5 0.299074 0.063541 0.111111
0 0.518229 0.696296 0.057812 0.097222
0 0.568229 0.789814 0.076041 0.130555
0 0.661458 0.104629 0.060416 0.100925
0 0.640104 0.378703 0.054687 0.112037
0 0.748437 0.102777 0.070312 0.125
0 0.825 0.033333 0.054166 0.063888
0 0.895312 0.2 0.065625 0.105555
0 0.93125 0.569444 0.072916 0.110185
