1 0.138281 0.173611 0.067187 0.113888
1 0.34375 0.054166 0.03125 0.065277
1 0.494531 0.070833 0.035937 0.070833
0 0.535156 0.115277 0.053906 0.1125
1 0.384375 0.193055 0.060156 0.093055
0 0.361718 0.35 0.077343 0.148611
1 0.2 0.368055 0.0625 0.070833
0 0.123437 0.8 0.067187 0.119444
0 0.308593 0.477777 0.075781 0.152777
0 0.475781 0.4375 0.109375 0.198611
1 0.626562 0.219444 0.041406 0.079166
0 0.671875 0.255555 0.064062 0.126388
0 0.863281 0.268055 0.095312 0.173611
0 0.714062 0.694444 0.117968 0.222222
