0 0.1285 0.048270 0.016 0.023054
0 0.088 0.199567 0.019 0.029538
1 0.1395 0.289625 0.024 0.033141
0 0.129 0.371757 0.028 0.039625
0 0.1765 0.378242 0.0165 0.037463
0 0.0165 0.481988 0.0245 0.040345
0 0.0705 0.463256 0.0255 0.030979
0 0.131 0.475504 0.028 0.037463
1 0.1125 0.570605 0.0275 0.040345
0 0.074 0.706051 0.0265 0.031700
1 0.16 0.632564 0.023 0.039625
0 0.3615 0.018731 0.018 0.025216
0 0.352 0.057636 0.0215 0.030979
0 0.3165 0.092939 0.0155 0.026657
0 0.3 0.121037 0.015 0.027377
0 0.265 0.149135 0.02 0.027377
0 0.244 0.239193 0.017 0.023775
1 0.2125 0.25 0.0175 0.024495
0 0.222 0.283861 0.0195 0.028097
1 0.266 0.291066 0.021 0.028818
0 0.2635 0.402737 0.0205 0.034582
1 0.284 0.451729 0.0175 0.029538
0 0.289 0.562680 0.028 0.042507
0 0.261 0.612391 0.0295 0.043227
0 0.3245 0.778097 0.033 0.048991
0 0.2455 0.949567 0.038 0.056195
0 0.4535 0.018011 0.011 0.020172
0 0.4175 0.057636 0.015 0.025936
0 0.3925 0.069164 0.017 0.023775
1 0.401 0.117435 0.0135 0.023775
0 0.4305 0.105907 0.0185 0.032420
0 0.325 0.208933 0.019 0.027377
0 0.3975 0.205331 0.0175 0.028818
1 0.3455 0.241354 0.02 0.030259
1 0.3005 0.270893 0.017 0.028097
0 0.3675 0.293948 0.022 0.032420
0 0.342 0.370317 0.023 0.028097
0 0.453 0.327809 0.022 0.034582
0 0.42 0.371757 0.0245 0.028818
0 0.3555 0.461095 0.0195 0.036743
0 0.431 0.433717 0.0235 0.038904
0 0.3755 0.624639 0.0255 0.041786
0 0.3795 0.700288 0.0255 0.042507
0 0.4095 0.711815 0.029 0.043948
0 0.412 0.937319 0.036 0.054034
0 0.461 0.792507 0.017 0.036023
0 0.4695 0.589337 0.0265 0.040345
0 0.454 0.548991 0.0255 0.029538
0 0.476 0.068443 0.013 0.020893
0 0.5445 0.033861 0.0125 0.021613
0 0.5085 0.077809 0.0125 0.011527
0 0.539 0.106628 0.0165 0.025216
0 0.573 0.063400 0.0165 0.025936
0 0.496 0.140489 0.0165 0.028097
0 0.532 0.201008 0.01 0.018731
0 0.5065 0.240634 0.0205 0.024495
0 0.561 0.300432 0.019 0.030979
0 0.4845 0.365994 0.02 0.035302
0 0.556 0.349423 0.0195 0.028818
0 0.5375 0.378242 0.0225 0.039625
0 0.4955 0.456772 0.0195 0.033861
0 0.629 0.010806 0.015 0.020172
0 0.64 0.088616 0.0165 0.025936
0 0.667 0.070605 0.014 0.023054
0 0.693 0.087896 0.011 0.021613
0 0.702 0.093659 0.0145 0.025216
1 0.6765 0.139048 0.013 0.023054
0 0.734 0.109510 0.0155 0.025936
1 0.737 0.142651 0.015 0.025216
0 0.7095 0.203890 0.0175 0.026657
1 0.645 0.169308 0.017 0.021613
0 0.6235 0.188760 0.019 0.030979
0 0.635 0.299711 0.0185 0.025216
0 0.604 0.394812 0.0245 0.030979
0 0.6695 0.386887 0.02 0.028097
0 0.596 0.525216 0.0275 0.030979
0 0.6035 0.762247 0.0325 0.044668
0 0.5475 0.871037 0.0345 0.051152
0 0.647 0.829971 0.033 0.046109
0 0.766 0.010806 0.016 0.020893
0 0.82 0.076368 0.015 0.026657
1 0.8385 0.092939 0.014 0.021613
0 0.8205 0.144092 0.0125 0.023054
0 0.8265 0.171469 0.0175 0.025216
0 0.774 0.242074 0.02 0.031700
0 0.819 0.306916 0.0185 0.030979
0 0.696 0.427233 0.0215 0.035302
0 0.731 0.404178 0.0215 0.032420
0 0.718 0.463976 0.025 0.034582
0 0.7265 0.538904 0.0215 0.041066
0 0.6985 0.556195 0.0275 0.043227
0 0.7565 0.918587 0.0345 0.053314
0 0.9025 0.978386 0.039 0.042507
0 0.965 0.984149 0.0375 0.030979
0 0.9075 0.808357 0.0325 0.043227
0 0.9415 0.786743 0.0285 0.051873
0 0.9435 0.605907 0.0285 0.043948
0 0.9445 0.535302 0.027 0.037463
0 0.9945 0.490634 0.0105 0.036023
0 0.8975 0.479106 0.02 0.019452
0 0.9145 0.437319 0.0225 0.033861
0 0.882 0.376080 0.022 0.034582
0 0.9245 0.322046 0.0195 0.034582
0 0.8715 0.322046 0.021 0.032420
0 0.8505 0.282420 0.0185 0.032420
0 0.908 0.275936 0.0135 0.023054
0 0.855 0.223342 0.019 0.028097
0 0.87 0.167867 0.0165 0.026657
0 0.961 0.183717 0.011 0.025936
0 0.982 0.106628 0.016 0.024495
0 0.8955 0.073487 0.016 0.024495
0 0.869 0.043227 0.0135 0.024495
0 0.93 0.052593 0.015 0.019452
1 0.9575 0.030979 0.012 0.020172
1 0.9935 0.072046 0.0125 0.020172
