0 0.096 0.753108 0.169 0.321492
0 0.263 0.616341 0.103 0.190053
1 0.302 0.380106 0.065 0.110124
0 0.411 0.515097 0.085 0.149200
1 0.477 0.355239 0.035 0.117229
0 0.548 0.422735 0.109 0.214920
0 0.644 0.422735 0.087 0.181172
1 0.674 0.136767 0.044 0.083481
0 0.865 0.213143 0.048 0.076376
0 0.919 0.182948 0.053 0.101243
0 0.74 0.314387 0.048 0.087033
0 0.783 0.419182 0.072 0.143872
0 0.96 0.440497 0.067 0.134991
0 0.754 0.914742 0.133 0.170515
0 0.442 0.101243 0.033 0.055062
1 0.597 0.134991 0.032 0.072824
1 0.778 0.049733 0.031 0.047957
