0 0.771 0.722735 0.102 0.238447
0 0.203 0.280961 0.095 0.179297
0 0.065 0.796672 0.113 0.227356
0 0.831 0.286506 0.092 0.162661
0 0.39 0.456561 0.094 0.212569
0 0.561 0.774491 0.118 0.245841
0 0.426 0.792975 0.118 0.245841
0 0.281 0.756007 0.118 0.245841
0 0.198 0.648798 0.105 0.229205
0 0.063 0.319778 0.105 0.229205
0 0.15 0.070240 0.077 0.136783
0 0.469 0.120147 0.092 0.199630
0 0.595 0.184842 0.102 0.207024
0 0.725 0.131238 0.102 0.207024
0 0.948 0.231053 0.104 0.303142
0 0.704 0.415896 0.104 0.303142
0 0.599 0.436229 0.106 0.242144
