0 0.182352 0.170652 0.041911 0.073913
0 0.163970 0.807608 0.078676 0.160869
0 0.938235 0.334782 0.056617 0.103260
0 0.792647 0.373913 0.061764 0.132608
0 0.539705 0.686956 0.096323 0.165217
0 0.326470 0.447826 0.058088 0.090217
0 0.513235 0.389130 0.054411 0.084782
0 0.186029 0.322826 0.050735 0.094565
1 0.425735 0.267391 0.050735 0.086956
0 0.431617 0.595652 0.063970 0.148913
0 0.816911 0.884782 0.097058 0.173913
0 0.851470 0.256521 0.058088 0.104347
0 0.680882 0.047826 0.030147 0.071739
0 0.693382 0.325 0.041176 0.092391
0 0.583088 0.469565 0.064705 0.111956
0 0.773529 0.660869 0.078676 0.142391
0 0.068382 0.269565 0.052205 0.097826
0 0.580882 0.043478 0.035294 0.071739
0 0.832352 0.151086 0.038970 0.081521
0 0.740441 0.067391 0.027205 0.061956
0 0.344852 0.332608 0.046323 0.073913
0 0.905147 0.082608 0.044852 0.065217
0 0.383088 0.167391 0.033088 0.058695
0 0.072058 0.528260 0.077205 0.143478
0 0.317647 0.061956 0.0375 0.064130
0 0.983823 0.204347 0.027205 0.073913
0 0.786029 0.053260 0.030147 0.052173
0 0.988235 0.118478 0.023529 0.057608
0 0.530882 0.225 0.053676 0.111956
0 0.858823 0.1 0.033088 0.068478
0 0.320588 0.223913 0.043382 0.088043
0 0.221323 0.414130 0.05 0.117391
0 0.375 0.032608 0.0375 0.063043
0 0.420588 0.045652 0.030147 0.059782
0 0.450735 0.116304 0.030147 0.059782
0 0.477941 0.030434 0.030147 0.058695
0 0.636764 0.030434 0.030147 0.058695
0 0.702941 0.140217 0.036029 0.084782
0 0.751470 0.436956 0.086029 0.185869
