0 0.669 0.657967 0.122 0.188186
0 0.803 0.559065 0.132 0.195054
0 0.942 0.454670 0.059 0.104395
0 0.828 0.258241 0.066 0.085164
0 0.931 0.221153 0.034 0.068681
0 0.686 0.364010 0.079 0.111263
0 0.631 0.197802 0.043 0.075549
0 0.563 0.451923 0.073 0.112637
0 0.368 0.456043 0.073 0.122252
0 0.509 0.362637 0.06 0.078296
0 0.251 0.418956 0.061 0.075549
0 0.118 0.527472 0.073 0.118131
0 0.051 0.381868 0.055 0.079670
0 0.239 0.222527 0.057 0.071428
0 0.358 0.168956 0.052 0.075549
0 0.478 0.218406 0.029 0.057692
0 0.533 0.256868 0.034 0.060439
0 0.142 0.173076 0.057 0.074175
