0 0.021875 0.489222 0.041875 0.078725
0 0.0875 0.453608 0.045 0.069353
0 0.191875 0.453608 0.0475 0.073102
0 0.28625 0.425492 0.0425 0.062792
0 0.348125 0.448922 0.04625 0.082474
0 0.483125 0.466729 0.045625 0.075913
0 0.50375 0.425492 0.028125 0.085285
0 0.613125 0.438612 0.025625 0.047797
0 0.691875 0.330834 0.05 0.093720
0 0.87 0.354264 0.05875 0.088097
0 0.99125 0.377694 0.016875 0.074039
0 0.92625 0.373945 0.046875 0.077788
1 0.638125 0.446110 0.034375 0.073102
1 0.404375 0.492033 0.04375 0.073102
1 0.259375 0.468603 0.046875 0.083411
