0 0.09 0.828333 0.06125 0.086666
0 0.22 0.828333 0.05875 0.086666
0 0.33125 0.858333 0.05625 0.083333
0 0.505 0.901666 0.06875 0.085
0 0.795 0.768333 0.06125 0.075
0 0.95375 0.838333 0.055 0.05
0 0.665 0.661666 0.05875 0.076666
0 0.85125 0.508333 0.0475 0.061666
0 0.98 0.57 0.03375 0.063333
0 0.72 0.505 0.03625 0.053333
0 0.54375 0.68 0.05625 0.071666
0 0.40875 0.646666 0.05375 0.068333
0 0.22625 0.59 0.03 0.076666
0 0.19 0.576666 0.055 0.08
0 0.12125 0.573333 0.05125 0.073333
0 0.01375 0.545 0.025 0.073333
0 0.02125 0.393333 0.04 0.045
0 0.13125 0.391666 0.045 0.061666
0 0.26375 0.431666 0.04 0.056666
0 0.345 0.421666 0.045 0.058333
0 0.47 0.481666 0.05125 0.061666
0 0.57125 0.496666 0.04875 0.06
0 0.96625 0.355 0.0425 0.061666
0 0.815 0.32 0.02875 0.06
0 0.72375 0.306666 0.04 0.065
0 0.65125 0.305 0.045 0.048333
0 0.53875 0.251666 0.04 0.061666
0 0.48375 0.258333 0.03375 0.061666
0 0.37375 0.216666 0.03375 0.06
0 0.2925 0.233333 0.03375 0.053333
0 0.18 0.205 0.03125 0.051666
0 0.08625 0.203333 0.03875 0.063333
0 0.02 0.193333 0.0375 0.056666
0 0.01875 0.098333 0.03 0.046666
0 0.1175 0.106666 0.0225 0.046666
0 0.2075 0.141666 0.03375 0.051666
0 0.33375 0.146666 0.02875 0.055
0 0.485 0.12 0.0275 0.055
0 0.575 0.153333 0.035 0.06
0 0.69625 0.181666 0.03625 0.06
0 0.78875 0.16 0.03875 0.065
0 0.90125 0.195 0.03625 0.056666
0 0.98625 0.211666 0.02625 0.06
0 0.81625 0.061666 0.03125 0.048333
0 0.74125 0.07 0.03625 0.051666
0 0.6425 0.063333 0.0325 0.055
0 0.59875 0.021666 0.025 0.04
0 0.515 0.058333 0.03375 0.045
0 0.4475 0.061666 0.03375 0.04
0 0.38 0.048333 0.03375 0.046666
0 0.29375 0.033333 0.0375 0.046666
0 0.17625 0.053333 0.025 0.038333
0 0.11125 0.025 0.02375 0.046666
