0 0.399 0.254448 0.07 0.128113
0 0.54 0.395017 0.058 0.108540
0 0.289 0.889679 0.131 0.218861
0 0.537 0.934163 0.121 0.131672
0 0.84 0.202846 0.058 0.106761
0 0.645 0.153024 0.063 0.101423
0 0.725 0.158362 0.06 0.129893
0 0.513 0.254448 0.063 0.128113
0 0.529 0.048042 0.026 0.078291
0 0.409 0.087188 0.045 0.083629
0 0.271 0.033807 0.03 0.064056
0 0.159 0.087188 0.045 0.076512
0 0.051 0.122775 0.049 0.069395
0 0.206 0.055160 0.032 0.064056
0 0.788 0.040925 0.041 0.078291
1 0.229 0.122775 0.037 0.078291
