0 0.66 0.270777 0.058333 0.112600
0 0.893333 0.344504 0.0725 0.108579
0 0.300833 0.052278 0.0575 0.101876
0 0.751666 0.260053 0.061666 0.127345
0 0.8225 0.191689 0.050833 0.097855
0 0.043333 0.931635 0.071666 0.128686
0 0.5675 0.879356 0.065 0.139410
0 0.26 0.261394 0.049166 0.107238
0 0.1675 0.760053 0.050833 0.127345
0 0.8225 0.069705 0.0425 0.088471
0 0.098333 0.504021 0.0525 0.099195
0 0.520833 0.790884 0.071666 0.123324
0 0.2775 0.526809 0.069166 0.126005
0 0.075833 0.367292 0.0575 0.121983
0 0.121666 0.833780 0.063333 0.142091
0 0.483333 0.273458 0.063333 0.112600
0 0.03 0.313672 0.053333 0.109919
0 0.495833 0.131367 0.066666 0.096514
0 0.931666 0.664879 0.069166 0.150134
0 0.4975 0.439678 0.055833 0.131367
0 0.64 0.518766 0.054166 0.111260
1 0.078333 0.036193 0.051666 0.069705
