0 0.128755 0.374760 0.027181 0.047801
1 0.440629 0.374760 0.031473 0.055449
1 0.203147 0.221797 0.018597 0.036328
0 0.071530 0.370936 0.038626 0.055449
1 0.649499 0.414913 0.035765 0.074569
0 0.745350 0.514340 0.065808 0.131931
0 0.361945 0.336520 0.022889 0.040152
0 0.932761 0.697896 0.071530 0.130019
1 0.307582 0.326959 0.020028 0.034416
0 0.147353 0.292543 0.020028 0.036328
0 0.396280 0.600382 0.050071 0.099426
0 0.323319 0.502868 0.044349 0.087954
0 0.167381 0.424474 0.038626 0.070745
0 0.868383 0.896749 0.084406 0.143403
0 0.246065 0.281070 0.015736 0.032504
0 0.181688 0.365200 0.028612 0.049713
1 0.404864 0.321223 0.021459 0.040152
0 0.536480 0.376673 0.025751 0.047801
0 0.118741 0.216061 0.030042 0.034416
1 0.486409 0.325047 0.027181 0.049713
1 0.741058 0.391969 0.042918 0.074569
0 0.552217 0.470363 0.048640 0.110898
0 0.147353 0.493307 0.051502 0.086042
0 0.158798 0.103250 0.021459 0.040152
0 0.868383 0.466539 0.064377 0.108986
0 0.917024 0.359464 0.037195 0.078393
