1 0.533092 0.301634 0.051744 0.075780
0 0.417569 0.459138 0.080625 0.115898
0 0.803850 0.665676 0.084235 0.114413
0 0.328519 0.597325 0.080625 0.126300
0 0.941034 0.271916 0.061371 0.080237
0 0.210589 0.566121 0.085439 0.130757
0 0.276774 0.832095 0.086642 0.104011
0 0.959085 0.514115 0.080625 0.160475
0 0.131167 0.309063 0.066185 0.105497
0 0.066185 0.404160 0.067388 0.114413
0 0.425992 0.802377 0.102286 0.163447
0 0.327316 0.390787 0.074608 0.127786
0 0.535499 0.473997 0.077015 0.126300
0 0.600481 0.442793 0.072202 0.124814
0 0.764139 0.509658 0.056558 0.104011
0 0.256317 0.248142 0.051744 0.086181
0 0.105896 0.604754 0.075812 0.138187
0 0.353790 0.258543 0.055354 0.081723
0 0.853188 0.469539 0.066185 0.109955
0 0.436823 0.245170 0.056558 0.098068
0 0.660649 0.316493 0.055354 0.096582
0 0.856799 0.904903 0.117930 0.184249
0 0.959085 0.793462 0.081829 0.193164
0 0.570397 0.720653 0.102286 0.163447
0 0.630565 0.597325 0.058965 0.142644
0 0.916967 0.364041 0.073405 0.112927
