0 0.790378 0.725669 0.098824 0.153167
1 0.834784 0.523514 0.077057 0.115610
1 0.447104 0.558785 0.078580 0.115610
0 0.520679 0.696930 0.102089 0.145656
0 0.957771 0.547681 0.058772 0.087524
0 0.186765 0.629000 0.083804 0.150555
0 0.076186 0.507184 0.056813 0.093076
0 0.266216 0.583932 0.045058 0.100587
0 0.351763 0.532331 0.051806 0.078053
0 0.390944 0.490855 0.056813 0.110711
0 0.518284 0.487263 0.060296 0.092749
0 0.566826 0.485956 0.040269 0.070542
0 0.613844 0.392880 0.029821 0.055192
0 0.726817 0.357609 0.041793 0.055192
1 0.298868 0.492161 0.040269 0.072828
0 0.121462 0.411822 0.033521 0.052906
0 0.373530 0.386675 0.045276 0.067929
1 0.472572 0.338667 0.033086 0.049640
0 0.515890 0.316459 0.014148 0.034291
0 0.642359 0.310254 0.016978 0.035271
0 0.423813 0.334421 0.022638 0.038536
0 0.253373 0.298171 0.018937 0.028412
0 0.684806 0.371325 0.035916 0.047028
0 0.578363 0.427171 0.031127 0.053886
0 0.914018 0.314500 0.020896 0.041149
0 0.957988 0.305355 0.021767 0.042455
0 0.781454 0.348465 0.018937 0.032658
0 0.937091 0.301763 0.018067 0.035271
