0 0.542828 0.582959 0.099601 0.150971
0 0.030876 0.443946 0.019920 0.034379
0 0.126494 0.478325 0.008964 0.032884
0 0.238047 0.470852 0.012948 0.029895
0 0.270916 0.458893 0.021912 0.032884
0 0.375498 0.478325 0.014940 0.035874
1 0.346613 0.448430 0.022908 0.037369
0 0.431274 0.449925 0.016932 0.037369
0 0.492031 0.457399 0.019920 0.038863
0 0.652390 0.466367 0.015936 0.037369
0 0.694223 0.449925 0.009960 0.031390
0 0.736055 0.476831 0.013944 0.031390
0 0.870517 0.333333 0.016932 0.022421
0 0.937250 0.455904 0.007968 0.026905
1 0.885458 0.451420 0.016932 0.034379
0 0.888446 0.397608 0.015936 0.026905
