0 0.083007 0.234260 0.045898 0.065885
0 0.1875 0.115666 0.033203 0.049780
0 0.254882 0.282576 0.042968 0.061493
0 0.369140 0.087847 0.032226 0.042459
0 0.414062 0.146412 0.041015 0.062957
0 0.517578 0.355783 0.052734 0.087847
0 0.454101 0.081991 0.036132 0.054172
0 0.518554 0.090775 0.033203 0.051244
0 0.618164 0.265007 0.043945 0.068814
0 0.606445 0.207906 0.035156 0.055636
1 0.419921 0.076134 0.026367 0.032210
1 0.591796 0.102489 0.024414 0.040995
0 0.598632 0.039531 0.024414 0.033674
0 0.664062 0.134699 0.032226 0.042459
1 0.627929 0.023426 0.023437 0.036603
0 0.695312 0.076134 0.025390 0.046852
0 0.747070 0.057101 0.030273 0.048316
0 0.766601 0.060029 0.010742 0.035139
1 0.725585 0.052708 0.018554 0.035139
1 0.879882 0.057101 0.028320 0.039531
0 0.953125 0.099560 0.03125 0.045387
