1 0.131714 0.912453 0.046 0.068352
1 0.029428 0.678370 0.040285 0.064138
1 0.150571 0.685861 0.038571 0.066011
1 0.043428 0.575374 0.033714 0.058520
1 0.164285 0.534644 0.043142 0.064606
1 0.057714 0.438670 0.036 0.059925
1 0.163428 0.441947 0.034857 0.040730
1 0.202285 0.386704 0.034 0.051498
1 0.064857 0.290262 0.032571 0.052434
1 0.097714 0.241573 0.026285 0.040730
1 0.210857 0.259831 0.035142 0.057584
1 0.118857 0.117041 0.032 0.047752
1 0.208571 0.132958 0.033142 0.055243
1 0.227714 0.066479 0.030571 0.046816
1 0.395714 0.124531 0.017714 0.041666
0 0.470857 0.109550 0.020571 0.044007
0 0.516857 0.096910 0.022571 0.042602
1 0.454285 0.143726 0.028571 0.044475
1 0.457714 0.202247 0.026571 0.044475
0 0.437714 0.301966 0.029428 0.041666
1 0.474 0.352059 0.020571 0.047752
1 0.453428 0.403558 0.022 0.047752
1 0.456 0.491104 0.031142 0.053370
1 0.432285 0.584269 0.037714 0.054307
1 0.466857 0.658707 0.032571 0.044943
1 0.475714 0.841292 0.034285 0.039325
1 0.492 0.933988 0.041714 0.066011
1 0.461714 0.918071 0.015714 0.046816
0 0.522571 0.445692 0.031142 0.050093
1 0.553142 0.487359 0.035428 0.060861
1 0.561714 0.391853 0.033714 0.052902
1 0.534285 0.386235 0.025142 0.047752
1 0.525428 0.208801 0.017428 0.039325
1 0.546 0.231273 0.028571 0.048220
1 0.581142 0.110018 0.026571 0.046816
1 0.588571 0.251404 0.029142 0.046348
1 0.636285 0.241573 0.024571 0.039794
1 0.638285 0.348782 0.033714 0.050093
1 0.616 0.527153 0.029142 0.038389
1 0.562 0.672284 0.027714 0.056647
1 0.598571 0.722846 0.036 0.059925
1 0.642857 0.719569 0.033714 0.057584
1 0.649428 0.551498 0.033714 0.058988
1 0.638571 0.944756 0.029142 0.060861
1 0.617714 0.154494 0.027714 0.040262
1 0.657428 0.125 0.019142 0.037921
1 0.648 0.071629 0.024285 0.031367
1 0.714571 0.098782 0.021714 0.034644
1 0.689714 0.131554 0.025142 0.031367
1 0.719142 0.175093 0.028571 0.037921
1 0.706 0.277153 0.033714 0.044007
1 0.729142 0.255617 0.012571 0.045880
1 0.700285 0.375 0.033142 0.041666
1 0.730285 0.422752 0.033142 0.051966
1 0.755142 0.430243 0.016571 0.042134
1 0.742571 0.532303 0.033714 0.051029
1 0.734857 0.671348 0.037142 0.044007
1 0.768857 0.806179 0.036 0.054307
1 0.785428 0.878277 0.022857 0.034644
1 0.802 0.971910 0.034571 0.055711
1 0.759428 0.101591 0.017142 0.028558
