0 0.084027 0.265909 0.047222 0.090909
0 0.166666 0.315909 0.047222 0.084090
0 0.354166 0.298863 0.048611 0.092045
0 0.301388 0.235227 0.029166 0.060227
0 0.370833 0.232954 0.029166 0.046590
0 0.406944 0.279545 0.043055 0.065909
0 0.433333 0.252272 0.01875 0.055681
0 0.45625 0.476136 0.047222 0.0875
0 0.479166 0.272727 0.03125 0.057954
0 0.527083 0.267045 0.029861 0.065909
0 0.561111 0.279545 0.04375 0.079545
0 0.614583 0.306818 0.038888 0.072727
0 0.652777 0.331818 0.047222 0.089772
0 0.713888 0.355681 0.054861 0.098863
0 0.719444 0.213636 0.029166 0.070454
0 0.76875 0.259090 0.042361 0.072727
1 0.809722 0.257954 0.038888 0.057954
0 0.883333 0.238636 0.041666 0.070454
0 0.939583 0.256818 0.047222 0.081818
0 0.840972 0.254545 0.023611 0.046590
