0 0.040972 0.882954 0.067361 0.114772
0 0.125694 0.785227 0.065277 0.110227
0 0.167361 0.715909 0.050694 0.095454
1 0.095138 0.478409 0.044444 0.071590
0 0.084027 0.354545 0.038888 0.088636
0 0.025694 0.319318 0.036111 0.073863
1 0.08125 0.046590 0.048611 0.079545
0 0.297222 0.073863 0.053472 0.082954
0 0.259027 0.269318 0.053472 0.071590
0 0.263888 0.497727 0.046527 0.090909
0 0.374305 0.928409 0.070833 0.104545
0 0.518055 0.747727 0.064583 0.080681
0 0.565277 0.826136 0.071527 0.102272
0 0.497222 0.430681 0.057638 0.090909
0 0.483333 0.277272 0.0625 0.086363
0 0.490277 0.148863 0.056944 0.073863
0 0.640972 0.493181 0.048611 0.081818
0 0.660416 0.272727 0.052777 0.090909
0 0.747222 0.268181 0.057638 0.094318
0 0.933333 0.644318 0.069444 0.075
0 0.893055 0.346590 0.061111 0.082954
0 0.822222 0.202272 0.046527 0.072727
0 0.820138 0.089772 0.045138 0.063636
