0 0.119444 0.6125 0.070138 0.085416
0 0.246527 0.5625 0.061111 0.079166
0 0.3125 0.534375 0.047222 0.072916
0 0.38125 0.823958 0.075 0.1
0 0.472222 0.472916 0.064583 0.086458
0 0.766666 0.4625 0.079861 0.108333
0 0.931944 0.532291 0.038888 0.073958
0 0.529861 0.392708 0.036805 0.075
0 0.622916 0.355208 0.025 0.063541
0 0.559722 0.261458 0.035416 0.05625
0 0.461805 0.229166 0.025694 0.046875
0 0.161111 0.442708 0.033333 0.065625
0 0.270138 0.36875 0.036111 0.047916
0 0.148611 0.3625 0.025694 0.039583
0 0.354861 0.417708 0.042361 0.057291
0 0.311111 0.259375 0.021527 0.04375
0 0.150694 0.252083 0.025694 0.042708
0 0.209027 0.320833 0.024305 0.036458
0 0.095138 0.342708 0.022222 0.039583
0 0.076388 0.283333 0.018055 0.03125
0 0.223611 0.213541 0.020833 0.030208
