1 0.02125 0.215 0.035 0.061666
1 0.0675 0.186666 0.0475 0.071666
1 0.13 0.18 0.03125 0.053333
1 0.135 0.235 0.0225 0.075
1 0.06375 0.391666 0.0325 0.061666
0 0.09375 0.513333 0.0575 0.096666
0 0.14625 0.623333 0.06125 0.105
1 0.28375 0.953333 0.08375 0.091666
1 0.28375 0.048333 0.02875 0.05
1 0.29625 0.163333 0.04125 0.07
1 0.34875 0.205 0.0325 0.073333
1 0.38125 0.22 0.03 0.073333
1 0.2625 0.378333 0.0425 0.065
0 0.33375 0.536666 0.0475 0.091666
0 0.415 0.531666 0.0425 0.088333
1 0.4975 0.206666 0.03375 0.055
1 0.5325 0.208333 0.02875 0.06
0 0.58625 0.26 0.03 0.096666
1 0.67375 0.13 0.045 0.091666
1 0.75625 0.16 0.035 0.063333
0 0.885 0.156666 0.05375 0.088333
0 0.87125 0.311666 0.05 0.115
1 0.28625 0.051666 0.03375 0.041
