0 0.053906 0.131944 0.071093 0.133333
0 0.172656 0.151388 0.083593 0.141666
0 0.189843 0.415277 0.085937 0.151388
0 0.105468 0.755555 0.078125 0.138888
0 0.315625 0.461111 0.086718 0.165277
0 0.297656 0.8125 0.079687 0.118055
0 0.517968 0.615277 0.088281 0.177777
0 0.53125 0.902777 0.08125 0.1625
0 0.6 0.568055 0.075781 0.147222
0 0.734375 0.776388 0.078125 0.1625
0 0.846093 0.319444 0.079687 0.154166
0 0.970312 0.181944 0.057812 0.120833
0 0.966406 0.423611 0.067187 0.148611
0 0.8375 0.623611 0.078125 0.159722
0 0.944531 0.711111 0.091406 0.1625
0 0.814843 0.923611 0.086718 0.151388
