0 0.109523 0.562857 0.111428 0.172857
0 0.205714 0.815714 0.121904 0.2
0 0.316190 0.472857 0.066666 0.107142
0 0.238095 0.477142 0.049523 0.065714
0 0.305714 0.345714 0.047619 0.077142
0 0.417142 0.377142 0.044761 0.092857
0 0.380952 0.344285 0.028571 0.045714
0 0.478095 0.5 0.069523 0.12
0 0.620952 0.39 0.067619 0.12
0 0.772380 0.347142 0.050476 0.094285
0 0.760952 0.6 0.093333 0.14
0 0.858095 0.887142 0.145714 0.202857
0 0.889523 0.377142 0.04 0.072857
0 0.951428 0.452857 0.049523 0.067142
0 0.959047 0.712857 0.081904 0.214285
0 0.686666 0.418571 0.041904 0.07
0 0.952380 0.352857 0.037142 0.047142
