0 0.0725 0.067542 0.02625 0.046904
0 0.14875 0.052532 0.025 0.039399
0 0.31 0.084427 0.02625 0.056285
0 0.42875 0.031894 0.0275 0.045028
0 0.06625 0.202626 0.03125 0.052532
0 0.14625 0.168855 0.03125 0.046904
0 0.28125 0.161350 0.03 0.050656
0 0.3025 0.230769 0.02875 0.045028
0 0.24125 0.309568 0.0325 0.045028
0 0.07875 0.292682 0.03625 0.054409
0 0.035 0.362101 0.03375 0.054409
0 0.105 0.414634 0.035 0.045028
0 0.1025 0.485928 0.03 0.060037
0 0.16375 0.515947 0.03375 0.058161
0 0.1725 0.598499 0.04375 0.063789
0 0.125 0.799249 0.045 0.060037
0 0.15 0.924953 0.045 0.071294
0 0.2525 0.872420 0.045 0.058161
0 0.3275 0.502814 0.04 0.054409
0 0.3475 0.360225 0.03125 0.048780
0 0.3775 0.819887 0.04625 0.073170
0 0.4425 0.564727 0.0375 0.067542
0 0.50125 0.099437 0.0275 0.033771
0 0.525 0.157598 0.02875 0.045028
0 0.58875 0.112570 0.02875 0.045028
0 0.5625 0.202626 0.03125 0.046904
0 0.65875 0.191369 0.03 0.045028
0 0.63375 0.251407 0.035 0.058161
0 0.5975 0.405253 0.03375 0.056285
0 0.55 0.495309 0.035 0.063789
0 0.715 0.793621 0.04375 0.073170
0 0.76875 0.377110 0.03625 0.061913
0 0.7975 0.547842 0.0375 0.058161
0 0.78625 0.045028 0.02875 0.039399
0 0.81375 0.026266 0.0225 0.045028
1 0.92625 0.063789 0.02125 0.045028
0 0.83875 0.112570 0.02625 0.037523
0 0.95625 0.350844 0.02875 0.039399
0 0.8975 0.493433 0.035 0.058161
0 0.9175 0.690431 0.03 0.054409
0 0.95375 0.741088 0.04 0.056285
