0 0.122656 0.533411 0.133593 0.214536
0 0.43125 0.685814 0.132031 0.202813
0 0.5375 0.793669 0.071875 0.162954
0 0.667187 0.819460 0.124218 0.202813
0 0.816406 0.758499 0.092968 0.158264
0 0.653906 0.463071 0.067968 0.120750
0 0.719531 0.423212 0.067968 0.109026
0 0.507812 0.378663 0.047656 0.086752
0 0.560937 0.325908 0.05625 0.085580
0 0.597656 0.216881 0.0375 0.066822
0 0.680468 0.196951 0.036718 0.058616
0 0.535156 0.202813 0.0375 0.060961
0 0.579687 0.155920 0.029687 0.042203
0 0.646875 0.143024 0.035156 0.045720
0 0.739843 0.132473 0.034375 0.038686
0 0.914843 0.132473 0.025 0.030480
