0 0.195 0.446902 0.0775 0.146017
1 0.3925 0.615044 0.14 0.292035
0 0.0925 0.340707 0.06 0.119469
0 0.1675 0.176991 0.045 0.101769
1 0.2225 0.331858 0.055 0.088495
0 0.2825 0.261061 0.0525 0.079646
0 0.35 0.238938 0.06 0.084070
0 0.4275 0.287610 0.05 0.079646
0 0.4725 0.358407 0.0575 0.106194
0 0.5475 0.367256 0.0675 0.084070
1 0.465 0.172566 0.035 0.070796
0 0.38 0.097345 0.0225 0.039823
0 0.4675 0.084070 0.025 0.044247
0 0.675 0.455752 0.0925 0.154867
0 0.13 0.203539 0.0375 0.084070
0 0.2675 0.181415 0.045 0.066371
0 0.5775 0.057522 0.015 0.030973
0 0.7975 0.902654 0.0675 0.185840
0 0.84 0.539823 0.0875 0.172566
0 0.825 0.287610 0.0675 0.101769
0 0.8175 0.424778 0.0375 0.092920
0 0.7775 0.207964 0.0425 0.101769
0 0.87 0.172566 0.0325 0.066371
