0 0.083809 0.265651 0.047619 0.096446
0 0.168571 0.319796 0.046666 0.089678
0 0.350476 0.296108 0.057142 0.103214
0 0.404761 0.280879 0.042857 0.086294
0 0.450476 0.512690 0.056190 0.103214
0 0.478095 0.272419 0.030476 0.065989
0 0.527619 0.263959 0.028571 0.084602
0 0.56 0.275803 0.041904 0.094754
0 0.612380 0.309644 0.038095 0.081218
0 0.650476 0.346869 0.041904 0.094754
0 0.714285 0.368866 0.056190 0.111675
0 0.765714 0.253807 0.035238 0.077834
1 0.808571 0.255499 0.043809 0.059221
0 0.881904 0.230118 0.044761 0.082910
0 0.939047 0.253807 0.048571 0.091370
0 0.367619 0.230118 0.037142 0.065989
0 0.299047 0.230118 0.037142 0.060913
0 0.299047 0.230118 0.037142 0.060913
0 0.299047 0.230118 0.037142 0.060913
