0 0.022448 0.248188 0.030612 0.070652
0 0.133673 0.110507 0.060204 0.126811
0 0.259183 0.324275 0.021428 0.070652
0 0.372448 0.327898 0.025510 0.057971
0 0.408163 0.148550 0.034693 0.092391
0 0.517346 0.170289 0.026530 0.083333
0 0.506122 0.228260 0.028571 0.067028
0 0.656122 0.228260 0.035714 0.068840
0 0.706122 0.235507 0.032653 0.070652
0 0.771428 0.300724 0.017346 0.047101
0 0.818367 0.246376 0.036734 0.070652
0 0.892857 0.271739 0.030612 0.063405
0 0.927551 0.273550 0.026530 0.067028
0 0.927551 0.273550 0.026530 0.067028
0 0.927551 0.273550 0.026530 0.067028
