0 0.1875 0.295620 0.0525 0.076642
0 0.4025 0.270072 0.0675 0.102189
0 0.5725 0.266423 0.0575 0.087591
1 0.7525 0.266423 0.055 0.072992
1 0.95 0.288321 0.0525 0.069343
1 0.965 0.087591 0.0325 0.043795
1 0.635 0.040145 0.0175 0.040145
1 0.5725 0.054744 0.0125 0.029197
1 0.8175 0.124087 0.0125 0.025547
1 0.745 0.124087 0.015 0.021897
1 0.7075 0.116788 0.015 0.021897
0 0.4375 0.102189 0.0175 0.029197
1 0.37 0.120437 0.015 0.021897
1 0.215 0.098540 0.015 0.025547
1 0.1525 0.102189 0.0175 0.032846
1 0.07 0.094890 0.015 0.032846
1 0.015 0.091240 0.02 0.025547
