0 0.032727 0.177586 0.024545 0.063793
0 0.083636 0.110344 0.026363 0.060344
0 0.117272 0.205172 0.027272 0.055172
0 0.202727 0.184482 0.033636 0.074137
0 0.267272 0.215517 0.053636 0.082758
0 0.311818 0.120689 0.029090 0.074137
0 0.366363 0.120689 0.023636 0.058620
0 0.524545 0.206896 0.04 0.087931
0 0.602727 0.175862 0.037272 0.094827
0 0.715454 0.177586 0.054545 0.113793
0 0.804545 0.193103 0.046363 0.101724
0 0.894545 0.160344 0.037272 0.065517
1 0.908181 0.456896 0.028181 0.072413
1 0.908181 0.456896 0.028181 0.072413
1 0.908181 0.456896 0.028181 0.072413
