0 0.085 0.265306 0.045 0.089795
0 0.1675 0.314285 0.045 0.085714
0 0.355 0.297959 0.05 0.093877
0 0.3025 0.236734 0.03 0.057142
0 0.37 0.232653 0.0275 0.044897
0 0.4075 0.281632 0.045 0.065306
0 0.4325 0.253061 0.0175 0.057142
0 0.455 0.473469 0.0475 0.085714
0 0.48 0.273469 0.03 0.057142
0 0.5275 0.269387 0.03 0.065306
0 0.56 0.277551 0.0425 0.077551
0 0.615 0.306122 0.04 0.073469
0 0.6525 0.334693 0.0475 0.089795
0 0.715 0.355102 0.055 0.097959
0 0.72 0.212244 0.03 0.069387
0 0.7675 0.261224 0.0425 0.073469
1 0.81 0.261224 0.04 0.057142
0 0.8825 0.236734 0.0425 0.069387
0 0.9375 0.257142 0.0475 0.081632
0 0.84 0.253061 0.0225 0.044897
