0 0.0825 0.221238 0.0525 0.092920
0 0.1675 0.278761 0.0425 0.084070
0 0.3 0.185840 0.03 0.061946
0 0.3525 0.261061 0.055 0.106194
0 0.3675 0.185840 0.035 0.061946
0 0.4075 0.234513 0.04 0.084070
0 0.45 0.469026 0.055 0.092920
0 0.4775 0.230088 0.03 0.061946
0 0.53 0.221238 0.03 0.075221
0 0.5625 0.234513 0.0425 0.088495
0 0.6125 0.265486 0.0375 0.070796
0 0.6525 0.305309 0.0475 0.088495
0 0.7125 0.323008 0.055 0.097345
0 0.765 0.212389 0.04 0.079646
1 0.8075 0.212389 0.0375 0.057522
0 0.8825 0.190265 0.0425 0.088495
0 0.94 0.212389 0.0425 0.092920
0 0.84 0.212389 0.0225 0.053097
