0 0.084166 0.315555 0.049166 0.100740
0 0.1675 0.376296 0.045 0.091851
0 0.3525 0.351111 0.055 0.112592
0 0.405 0.327407 0.040833 0.082962
0 0.451666 0.561481 0.0525 0.097777
0 0.525833 0.315555 0.030833 0.08
0 0.560833 0.325925 0.045833 0.091851
0 0.6125 0.36 0.040833 0.08
0 0.65 0.394074 0.044166 0.090370
0 0.7125 0.416296 0.055833 0.103703
0 0.766666 0.302222 0.036666 0.077037
1 0.8075 0.302222 0.0375 0.066666
0 0.8825 0.281481 0.041666 0.088888
0 0.938333 0.305185 0.049166 0.100740
0 0.298333 0.28 0.034166 0.072592
0 0.475833 0.324444 0.035 0.066666
0 0.366666 0.281481 0.0375 0.068148
0 0.84 0.302222 0.025 0.053333
0 0.84 0.302222 0.025 0.053333
0 0.84 0.302222 0.025 0.053333
