1 0.1375 0.442477 0.065 0.106194
1 0.1425 0.300884 0.0575 0.084070
0 0.2175 0.283185 0.05 0.070796
1 0.275 0.345132 0.0475 0.079646
0 0.3075 0.265486 0.045 0.084070
1 0.235 0.199115 0.0525 0.097345
0 0.13 0.623893 0.05 0.146017
1 0.195 0.681415 0.075 0.146017
1 0.265 0.792035 0.075 0.154867
0 0.37 0.871681 0.0975 0.185840
0 0.3725 0.513274 0.065 0.128318
0 0.37 0.349557 0.0625 0.088495
1 0.3675 0.176991 0.0375 0.066371
0 0.4625 0.190265 0.0425 0.097345
0 0.445 0.243362 0.03 0.084070
0 0.51 0.185840 0.0425 0.084070
1 0.5725 0.137168 0.04 0.079646
1 0.62 0.207964 0.0625 0.110619
0 0.465 0.451327 0.055 0.106194
0 0.4575 0.623893 0.065 0.101769
0 0.5625 0.508849 0.0625 0.128318
1 0.4825 0.800884 0.0425 0.106194
1 0.4325 0.836283 0.0425 0.154867
0 0.6175 0.902654 0.09 0.163716
0 0.645 0.561946 0.07 0.123893
0 0.7025 0.787610 0.0525 0.150442
0 0.68 0.407079 0.05 0.092920
0 0.7575 0.526548 0.0575 0.110619
1 0.68 0.123893 0.05 0.088495
1 0.6775 0.243362 0.04 0.061946
1 0.7275 0.150442 0.045 0.075221
0 0.82 0.119469 0.035 0.079646
1 0.7625 0.256637 0.045 0.079646
0 0.84 0.508849 0.07 0.079646
1 0.8925 0.743362 0.08 0.123893
