0 0.09 0.83 0.0625 0.086666
0 0.22 0.83 0.0575 0.086666
0 0.3325 0.856666 0.055 0.083333
0 0.505 0.903333 0.0675 0.086666
0 0.795 0.77 0.0625 0.073333
0 0.955 0.836666 0.055 0.05
0 0.665 0.66 0.0575 0.076666
0 0.85 0.51 0.0475 0.06
0 0.98 0.57 0.0325 0.063333
0 0.72 0.506666 0.0375 0.053333
0 0.545 0.68 0.055 0.07
0 0.41 0.646666 0.055 0.07
0 0.2275 0.59 0.03 0.076666
0 0.19 0.576666 0.055 0.08
0 0.1225 0.573333 0.05 0.073333
0 0.015 0.546666 0.025 0.073333
0 0.0225 0.393333 0.04 0.043333
0 0.1325 0.393333 0.045 0.06
0 0.265 0.43 0.04 0.056666
0 0.345 0.423333 0.045 0.06
0 0.47 0.483333 0.0525 0.06
0 0.5725 0.496666 0.05 0.06
0 0.965 0.356666 0.0425 0.06
0 0.815 0.32 0.0275 0.06
0 0.725 0.306666 0.04 0.063333
0 0.6525 0.306666 0.045 0.046666
0 0.54 0.253333 0.04 0.06
0 0.485 0.26 0.035 0.06
0 0.375 0.216666 0.035 0.06
0 0.2925 0.233333 0.0325 0.053333
0 0.18 0.206666 0.0325 0.053333
0 0.0875 0.203333 0.04 0.063333
0 0.02 0.193333 0.0375 0.056666
0 0.02 0.1 0.03 0.046666
0 0.1175 0.106666 0.0225 0.046666
0 0.2075 0.143333 0.0325 0.053333
0 0.335 0.146666 0.03 0.056666
0 0.485 0.12 0.0275 0.056666
0 0.575 0.153333 0.035 0.06
0 0.6975 0.183333 0.035 0.06
0 0.79 0.16 0.04 0.063333
0 0.9025 0.193333 0.035 0.056666
0 0.9875 0.213333 0.025 0.06
0 0.8175 0.063333 0.03 0.046666
0 0.7425 0.07 0.035 0.05
0 0.6425 0.063333 0.0325 0.056666
0 0.6 0.023333 0.025 0.04
0 0.515 0.06 0.0325 0.046666
0 0.4475 0.063333 0.0325 0.04
0 0.38 0.05 0.0325 0.046666
0 0.2925 0.033333 0.0375 0.046666
0 0.1775 0.053333 0.025 0.036666
0 0.1125 0.026666 0.025 0.046666
