0 0.11 0.565543 0.1125 0.172284
0 0.205 0.816479 0.1225 0.198501
0 0.3175 0.475655 0.065 0.104868
0 0.24 0.479400 0.05 0.067415
0 0.305 0.348314 0.0475 0.074906
0 0.42 0.378277 0.045 0.093632
0 0.3825 0.344569 0.03 0.048689
0 0.48 0.501872 0.07 0.119850
0 0.6225 0.393258 0.0675 0.119850
0 0.775 0.348314 0.05 0.093632
0 0.7625 0.599250 0.0925 0.138576
0 0.86 0.887640 0.1475 0.202247
0 0.8925 0.378277 0.04 0.071161
0 0.9525 0.456928 0.0475 0.067415
0 0.96 0.711610 0.0825 0.213483
0 0.6875 0.419475 0.0425 0.071161
0 0.955 0.355805 0.0375 0.044943
