0 0.045833 0.484615 0.019166 0.046153
0 0.133333 0.547692 0.035833 0.066153
0 0.1825 0.527692 0.058333 0.118461
0 0.23 0.501538 0.033333 0.067692
0 0.320833 0.676923 0.06 0.109230
0 0.046666 0.418461 0.013333 0.023076
0 0.0925 0.418461 0.015 0.027692
0 0.116666 0.424615 0.020833 0.035384
0 0.14 0.423076 0.018333 0.030769
0 0.295833 0.432307 0.024166 0.050769
0 0.32 0.450769 0.0175 0.033846
0 0.335 0.510769 0.026666 0.044615
0 0.3575 0.409230 0.015 0.033846
0 0.4425 0.473846 0.0275 0.04
0 0.421666 0.644615 0.03 0.047692
0 0.495833 0.464615 0.019166 0.06
0 0.536666 0.5 0.030833 0.066153
0 0.525 0.623076 0.041666 0.133846
0 0.463333 0.373846 0.0175 0.035384
0 0.421666 0.38 0.020833 0.036923
0 0.640833 0.504615 0.040833 0.066153
0 0.576666 0.435384 0.023333 0.033846
0 0.6775 0.367692 0.015 0.033846
0 0.664166 0.329230 0.015 0.029230
0 0.7775 0.695384 0.131666 0.249230
0 0.959166 0.416923 0.04 0.092307
0 0.8725 0.449230 0.025833 0.050769
0 0.075 0.596923 0.0175 0.04
0 0.063333 0.410769 0.013333 0.027692
0 0.063333 0.410769 0.013333 0.027692
0 0.063333 0.410769 0.013333 0.027692
