0 0.0475 0.488479 0.02 0.046082
0 0.135 0.548387 0.035 0.069124
0 0.1825 0.529953 0.0575 0.119815
0 0.23 0.502304 0.0325 0.069124
0 0.3225 0.677419 0.06 0.105990
0 0.0475 0.419354 0.0125 0.023041
0 0.095 0.419354 0.015 0.027649
0 0.1175 0.428571 0.0225 0.036866
0 0.14 0.423963 0.0175 0.032258
0 0.2975 0.433179 0.025 0.050691
0 0.32 0.451612 0.0175 0.032258
0 0.335 0.511520 0.0275 0.041474
0 0.36 0.410138 0.015 0.032258
0 0.4425 0.474654 0.0275 0.041474
0 0.4225 0.645161 0.03 0.050691
0 0.4975 0.465437 0.02 0.059907
0 0.5375 0.502304 0.0325 0.064516
0 0.525 0.622119 0.0425 0.133640
0 0.465 0.377880 0.0175 0.036866
0 0.4225 0.382488 0.0225 0.036866
0 0.6425 0.506912 0.0425 0.064516
0 0.5775 0.437788 0.0225 0.036866
0 0.68 0.368663 0.015 0.032258
0 0.6675 0.331797 0.015 0.027649
0 0.78 0.695852 0.13 0.248847
0 0.9625 0.419354 0.04 0.092165
0 0.875 0.451612 0.025 0.050691
0 0.075 0.599078 0.0175 0.036866
0 0.065 0.414746 0.015 0.027649
