0 0.045 0.593333 0.0725 0.106666
0 0.085 0.43 0.035 0.056666
0 0.1175 0.396666 0.0225 0.04
0 0.1975 0.43 0.035 0.043333
0 0.235 0.363333 0.025 0.043333
0 0.1725 0.35 0.02 0.03
0 0.2875 0.533333 0.105 0.166666
0 0.4025 0.39 0.0225 0.03
0 0.29 0.356666 0.02 0.026666
0 0.4425 0.456666 0.0375 0.053333
0 0.5425 0.446666 0.0575 0.086666
0 0.4925 0.393333 0.015 0.03
0 0.4475 0.386666 0.0175 0.02
0 0.585 0.356666 0.025 0.033333
0 0.7025 0.396666 0.025 0.026666
0 0.7475 0.446666 0.0225 0.033333
0 0.825 0.45 0.0475 0.066666
0 0.8925 0.403333 0.02 0.033333
0 0.99 0.466666 0.02 0.063333
0 0.6625 0.37 0.01 0.016666
0 0.7025 0.346666 0.015 0.02
0 0.73 0.363333 0.0125 0.016666
0 0.7775 0.403333 0.02 0.033333
0 0.9625 0.393333 0.02 0.033333
0 0.985 0.373333 0.01 0.02
