0 0.545 0.584269 0.1 0.153558
0 0.0325 0.445692 0.02 0.033707
0 0.1275 0.479400 0.0075 0.033707
0 0.24 0.471910 0.015 0.029962
0 0.2725 0.460674 0.02 0.029962
0 0.3775 0.479400 0.015 0.037453
1 0.3475 0.449438 0.0225 0.037453
0 0.4325 0.453183 0.0175 0.037453
0 0.495 0.456928 0.02 0.041198
0 0.655 0.468164 0.015 0.037453
0 0.6975 0.453183 0.01 0.029962
0 0.7375 0.479400 0.0125 0.029962
0 0.8725 0.337078 0.0175 0.022471
0 0.94 0.456928 0.01 0.026217
1 0.8875 0.453183 0.0175 0.033707
0 0.89 0.397003 0.0175 0.026217
