0 0.11 0.587378 0.08 0.179611
0 0.07 0.271844 0.065 0.145631
0 0.1375 0.121359 0.0575 0.150485
0 0.2275 0.514563 0.065 0.169902
0 0.1675 0.412621 0.055 0.135922
0 0.335 0.597087 0.06 0.199029
0 0.275 0.936893 0.095 0.121359
0 0.43 0.902912 0.11 0.194174
0 0.4225 0.364077 0.07 0.174757
0 0.3425 0.247572 0.0625 0.145631
0 0.5475 0.383495 0.06 0.145631
0 0.58 0.786407 0.0825 0.160194
0 0.63 0.587378 0.0625 0.179611
0 0.6075 0.330097 0.065 0.165048
0 0.665 0.131067 0.055 0.135922
1 0.5375 0.097087 0.0475 0.097087
0 0.7675 0.422330 0.0575 0.145631
0 0.81 0.684466 0.09 0.203883
0 0.86 0.655339 0.0575 0.155339
0 0.9675 0.461165 0.07 0.184466
0 0.9275 0.203883 0.0625 0.150485
0 0.945 0.058252 0.0525 0.092233
0 0.85 0.364077 0.0675 0.140776
0 0.975 0.893203 0.0475 0.213592
