0 0.188333 0.296341 0.053333 0.075609
0 0.4025 0.268292 0.065833 0.102439
0 0.5725 0.264634 0.055833 0.086585
1 0.7525 0.267073 0.053333 0.073170
1 0.951666 0.289024 0.051666 0.069512
1 0.965833 0.086585 0.033333 0.045121
1 0.635 0.041463 0.0175 0.040243
1 0.5725 0.053658 0.014166 0.030487
1 0.819166 0.125609 0.0125 0.026829
1 0.745 0.124390 0.015 0.021951
1 0.7075 0.115853 0.015 0.023170
0 0.436666 0.101219 0.0175 0.029268
1 0.368333 0.119512 0.015 0.020731
1 0.214166 0.1 0.016666 0.024390
1 0.1525 0.102439 0.019166 0.032926
1 0.069166 0.095121 0.013333 0.030487
1 0.013333 0.092682 0.02 0.026829
1 0.013333 0.092682 0.02 0.026829
1 0.013333 0.092682 0.02 0.026829
