0 0.09 0.301349 0.056 0.086956
0 0.243 0.358320 0.048 0.073463
0 0.345 0.269865 0.052 0.085457
0 0.368 0.683658 0.102 0.197901
0 0.409 0.476761 0.086 0.131934
0 0.534 0.254872 0.03 0.059970
0 0.616 0.434782 0.09 0.154422
0 0.674 0.205397 0.034 0.068965
0 0.696 0.305847 0.045 0.074962
0 0.772 0.449775 0.057 0.094452
0 0.793 0.280359 0.052 0.080959
0 0.892 0.527736 0.116 0.164917
0 0.93 0.212893 0.038 0.059970
0 0.874 0.214392 0.04 0.064467
0 0.028 0.610194 0.055 0.115442
0 0.028 0.610194 0.055 0.115442
0 0.028 0.610194 0.055 0.115442
