0 0.0475 0.591362 0.085 0.122923
0 0.0875 0.428571 0.04 0.059800
0 0.1225 0.392026 0.0275 0.043189
0 0.1725 0.348837 0.025 0.029900
0 0.0225 0.362126 0.0225 0.026578
0 0.1975 0.428571 0.0375 0.043189
0 0.235 0.362126 0.0275 0.039867
0 0.2875 0.528239 0.115 0.162790
0 0.2925 0.355481 0.025 0.026578
0 0.3775 0.368770 0.0175 0.019933
0 0.4 0.392026 0.0275 0.033222
0 0.4425 0.455149 0.0425 0.059800
0 0.5425 0.445182 0.0625 0.086378
0 0.5075 0.401993 0.0225 0.046511
0 0.445 0.382059 0.0175 0.023255
0 0.585 0.352159 0.0275 0.029900
0 0.7025 0.395348 0.025 0.026578
0 0.7 0.345514 0.0175 0.023255
0 0.7475 0.441860 0.025 0.033222
0 0.7275 0.362126 0.0175 0.016611
0 0.7775 0.398671 0.02 0.029900
0 0.825 0.445182 0.0475 0.063122
0 0.8925 0.401993 0.025 0.033222
0 0.9875 0.461794 0.0225 0.066445
0 0.9625 0.388704 0.03 0.033222
1 0.545 0.352159 0.015 0.019933
