0 0.085 0.265486 0.05 0.092920
0 0.17 0.323008 0.045 0.088495
0 0.35 0.296460 0.0575 0.101769
0 0.405 0.283185 0.0425 0.088495
0 0.4525 0.513274 0.055 0.106194
0 0.48 0.274336 0.03 0.061946
0 0.5275 0.261061 0.0275 0.084070
0 0.56 0.274336 0.0425 0.092920
0 0.6125 0.309734 0.0375 0.079646
0 0.65 0.345132 0.0425 0.092920
0 0.715 0.367256 0.055 0.110619
0 0.7675 0.252212 0.035 0.075221
1 0.8075 0.256637 0.0425 0.057522
0 0.8825 0.230088 0.045 0.084070
0 0.94 0.252212 0.05 0.092920
0 0.3675 0.230088 0.0375 0.066371
0 0.3 0.230088 0.0375 0.061946
