0 0.12 0.614232 0.07 0.086142
0 0.2475 0.561797 0.0575 0.093632
0 0.3825 0.823970 0.0725 0.101123
0 0.3125 0.539325 0.0475 0.071161
0 0.3575 0.419475 0.0425 0.067415
0 0.27 0.367041 0.035 0.056179
0 0.1625 0.441947 0.035 0.067415
0 0.15 0.363295 0.0225 0.044943
0 0.21 0.322097 0.0225 0.037453
0 0.4725 0.475655 0.065 0.089887
0 0.5325 0.393258 0.04 0.071161
0 0.7675 0.464419 0.0825 0.108614
0 0.9325 0.531835 0.0375 0.086142
0 0.625 0.359550 0.0225 0.067415
0 0.56 0.262172 0.035 0.059925
0 0.465 0.232209 0.03 0.044943
0 0.3125 0.258426 0.0225 0.048689
0 0.095 0.340823 0.02 0.059925
0 0.075 0.284644 0.02 0.044943
0 0.1525 0.250936 0.03 0.052434
0 0.2275 0.213483 0.02 0.033707
