0 0.01 0.355555 0.0175 0.026666
0 0.1175 0.377777 0.02 0.031111
0 0.035 0.453333 0.0375 0.066666
0 0.0975 0.542222 0.03 0.066666
0 0.2075 0.444444 0.0525 0.097777
0 0.23 0.373333 0.0225 0.053333
0 0.26 0.342222 0.02 0.04
0 0.325 0.36 0.0125 0.026666
0 0.3 0.395555 0.0175 0.035555
0 0.3225 0.475555 0.035 0.071111
0 0.355 0.44 0.02 0.053333
0 0.4 0.453333 0.0575 0.097777
0 0.455 0.631111 0.065 0.133333
0 0.445 0.382222 0.0125 0.022222
0 0.5975 0.471111 0.025 0.066666
0 0.645 0.408888 0.02 0.044444
0 0.69 0.502222 0.035 0.071111
0 0.85 0.648888 0.16 0.306666
0 0.9425 0.742222 0.06 0.128888
