0 0.085 0.315555 0.05 0.102222
0 0.1675 0.377777 0.045 0.088888
0 0.3525 0.351111 0.055 0.111111
0 0.405 0.328888 0.0425 0.08
0 0.4525 0.564444 0.0525 0.097777
0 0.5275 0.315555 0.03 0.08
0 0.5625 0.324444 0.045 0.093333
0 0.6125 0.36 0.0425 0.08
0 0.65 0.395555 0.0425 0.088888
0 0.7125 0.417777 0.0575 0.106666
0 0.7675 0.302222 0.035 0.075555
1 0.8075 0.302222 0.0375 0.066666
0 0.8825 0.284444 0.0425 0.088888
0 0.94 0.306666 0.05 0.097777
0 0.3 0.28 0.035 0.075555
0 0.4775 0.324444 0.035 0.066666
0 0.3675 0.28 0.0375 0.066666
0 0.84 0.302222 0.025 0.053333
