0 0.075 0.071161 0.025 0.044943
0 0.15 0.056179 0.025 0.037453
0 0.3125 0.086142 0.025 0.056179
0 0.43 0.033707 0.0275 0.044943
0 0.0675 0.205992 0.0325 0.052434
0 0.1475 0.172284 0.0325 0.044943
0 0.2825 0.164794 0.03 0.052434
0 0.305 0.232209 0.03 0.044943
0 0.2425 0.310861 0.0325 0.044943
0 0.08 0.295880 0.0375 0.052434
0 0.0375 0.363295 0.035 0.056179
0 0.1075 0.415730 0.035 0.044943
0 0.105 0.486891 0.03 0.059925
0 0.165 0.516853 0.0325 0.056179
0 0.175 0.599250 0.045 0.063670
0 0.1275 0.801498 0.045 0.059925
0 0.1525 0.925093 0.045 0.071161
0 0.255 0.872659 0.045 0.056179
0 0.33 0.505617 0.04 0.052434
0 0.35 0.359550 0.03 0.048689
0 0.38 0.820224 0.045 0.071161
0 0.4425 0.565543 0.0375 0.067415
0 0.5025 0.101123 0.0275 0.033707
0 0.5275 0.161048 0.03 0.044943
0 0.59 0.116104 0.0275 0.044943
0 0.565 0.205992 0.03 0.044943
0 0.66 0.194756 0.0325 0.044943
0 0.635 0.254681 0.035 0.059925
0 0.6 0.404494 0.035 0.056179
0 0.5525 0.494382 0.035 0.063670
0 0.7175 0.794007 0.0425 0.071161
0 0.7725 0.378277 0.035 0.063670
0 0.8 0.550561 0.0375 0.059925
0 0.79 0.048689 0.03 0.037453
0 0.815 0.029962 0.0225 0.044943
1 0.9275 0.063670 0.025 0.048689
0 0.84 0.119850 0.0325 0.037453
0 0.9575 0.352059 0.0375 0.041198
0 0.9 0.494382 0.035 0.056179
0 0.9225 0.689138 0.0325 0.059925
0 0.955 0.741573 0.05 0.052434
