1 0.0225 0.216666 0.035 0.06
1 0.0675 0.186666 0.0475 0.07
1 0.13 0.18 0.0325 0.053333
1 0.135 0.236666 0.0225 0.073333
1 0.0625 0.393333 0.0325 0.06
0 0.0925 0.513333 0.0575 0.096666
0 0.1475 0.623333 0.06 0.103333
1 0.285 0.953333 0.085 0.09
1 0.285 0.046666 0.03 0.05
1 0.2975 0.163333 0.04 0.07
1 0.3475 0.206666 0.0325 0.073333
1 0.3825 0.22 0.03 0.073333
1 0.2625 0.38 0.0425 0.066666
0 0.3325 0.536666 0.0475 0.09
0 0.415 0.533333 0.0425 0.086666
1 0.4975 0.206666 0.0325 0.056666
1 0.5325 0.21 0.0275 0.06
0 0.5875 0.26 0.03 0.096666
1 0.675 0.13 0.045 0.09
1 0.7575 0.16 0.035 0.063333
0 0.885 0.156666 0.0525 0.09
0 0.8725 0.313333 0.05 0.113333
1 0.2875 0.053333 0.035 0.04
