0 0.01 0.355555 0.019166 0.026666
0 0.116666 0.379259 0.02 0.029629
0 0.035 0.453333 0.0375 0.066666
0 0.096666 0.542222 0.03 0.069629
0 0.2075 0.442962 0.053333 0.100740
0 0.229166 0.370370 0.0225 0.053333
0 0.259166 0.343703 0.020833 0.038518
0 0.325 0.36 0.013333 0.026666
0 0.3 0.394074 0.016666 0.037037
0 0.320833 0.474074 0.035 0.069629
0 0.353333 0.437037 0.019166 0.053333
0 0.4 0.451851 0.055833 0.096296
0 0.453333 0.629629 0.065833 0.136296
0 0.445 0.382222 0.014166 0.025185
0 0.596666 0.472592 0.023333 0.065185
0 0.644166 0.407407 0.020833 0.047407
0 0.688333 0.499259 0.035 0.072592
0 0.848333 0.648888 0.159166 0.308148
0 0.940833 0.743703 0.060833 0.128888
0 0.940833 0.743703 0.060833 0.128888
0 0.940833 0.743703 0.060833 0.128888
