0 0.0875 0.471111 0.045 0.128888
0 0.285 0.44 0.04 0.102222
0 0.335 0.502222 0.06 0.097777
0 0.3975 0.368888 0.0425 0.093333
1 0.4475 0.391111 0.055 0.106666
0 0.5075 0.502222 0.0775 0.155555
1 0.5025 0.302222 0.045 0.084444
1 0.5825 0.284444 0.05 0.102222
1 0.7025 0.342222 0.0475 0.093333
0 0.6725 0.462222 0.0475 0.097777
0 0.745 0.44 0.05 0.12
0 0.8925 0.36 0.045 0.088888
0 0.79 0.484444 0.0675 0.12
1 0.9575 0.391111 0.0625 0.102222
1 0.185 0.36 0.03 0.057777
1 0.8175 0.342222 0.03 0.062222
0 0.93 0.324444 0.0275 0.053333
