0 0.083064 0.223495 0.051612 0.094555
0 0.166935 0.279369 0.044354 0.081661
0 0.299193 0.183381 0.029838 0.058739
0 0.350806 0.259312 0.054838 0.108882
0 0.366935 0.184813 0.034677 0.060171
0 0.406451 0.234957 0.040322 0.081661
0 0.449193 0.471346 0.056451 0.094555
0 0.475806 0.229226 0.031451 0.063037
0 0.528225 0.223495 0.029838 0.074498
0 0.562096 0.233524 0.042741 0.085959
0 0.612096 0.263610 0.037903 0.071633
0 0.651612 0.302292 0.047580 0.087392
0 0.711290 0.322349 0.054032 0.097421
0 0.763709 0.210601 0.039516 0.077363
1 0.808064 0.212034 0.037096 0.058739
0 0.882258 0.189111 0.042741 0.090257
0 0.940322 0.212034 0.043548 0.091690
0 0.841129 0.210601 0.022580 0.054441
0 0.841129 0.210601 0.022580 0.054441
0 0.841129 0.210601 0.022580 0.054441
