0 0.056640 0.224340 0.070312 0.086510
0 0.189453 0.208211 0.065429 0.099706
0 0.314453 0.203812 0.068359 0.099706
0 0.405273 0.239002 0.061523 0.068914
0 0.457031 0.243401 0.0625 0.098240
0 0.706054 0.219941 0.060546 0.140762
0 0.845703 0.285923 0.071289 0.134897
0 0.896484 0.551319 0.078125 0.145161
0 0.808593 0.634897 0.083984 0.112903
0 0.610351 0.612903 0.071289 0.118768
0 0.523437 0.504398 0.068359 0.145161
0 0.348632 0.595307 0.088867 0.115835
0 0.139648 0.505865 0.073242 0.127565
0 0.139648 0.505865 0.073242 0.127565
0 0.139648 0.505865 0.073242 0.127565
