0 0.046972 0.266778 0.050104 0.098993
0 0.107515 0.248322 0.059498 0.097315
0 0.276617 0.147651 0.045929 0.093959
0 0.237995 0.343959 0.043841 0.104026
0 0.315240 0.300335 0.050104 0.098993
0 0.396659 0.310402 0.056367 0.102348
0 0.447807 0.231543 0.057411 0.092281
0 0.511482 0.285234 0.058455 0.098993
0 0.570981 0.251677 0.059498 0.104026
0 0.693110 0.280201 0.048016 0.087248
0 0.747390 0.285234 0.043841 0.105704
0 0.839248 0.251677 0.064718 0.112416
0 0.943632 0.238255 0.058455 0.105704
0 0.342379 0.197986 0.052192 0.092281
0 0.988517 0.382550 0.022964 0.080536
0 0.988517 0.382550 0.022964 0.080536
0 0.988517 0.382550 0.022964 0.080536
