0 0.346191 0.78125 0.112792 0.206597
0 0.530273 0.132812 0.041992 0.095486
1 0.733886 0.123263 0.0625 0.101562
0 0.632812 0.378472 0.051757 0.107638
1 0.282714 0.065104 0.017578 0.033854
1 0.334960 0.078993 0.018066 0.036458
1 0.422851 0.049479 0.019042 0.030381
0 0.817871 0.184895 0.028320 0.039930
0 0.682617 0.064236 0.023925 0.040798
1 0.589355 0.046875 0.016601 0.044270
1 0.617187 0.014756 0.013183 0.027777
0 0.372558 0.115451 0.022460 0.047743
0 0.369628 0.183159 0.039062 0.104166
0 0.369628 0.183159 0.039062 0.104166
0 0.369628 0.183159 0.039062 0.104166
