0 0.0175 0.52 0.0225 0.044444
0 0.0775 0.808888 0.02 0.035555
0 0.075 0.497777 0.025 0.044444
0 0.14 0.506666 0.025 0.053333
1 0.12 0.631111 0.025 0.048888
1 0.1675 0.715555 0.02 0.044444
0 0.135 0.377777 0.025 0.044444
0 0.185 0.386666 0.0125 0.044444
1 0.1475 0.271111 0.0225 0.04
0 0.0925 0.155555 0.0175 0.04
0 0.275 0.688888 0.03 0.057777
0 0.34 0.897777 0.0325 0.057777
0 0.305 0.626666 0.025 0.053333
1 0.3 0.484444 0.02 0.04
0 0.2775 0.417777 0.02 0.044444
0 0.375 0.493333 0.02 0.044444
0 0.395 0.702222 0.03 0.053333
0 0.43 0.817777 0.0275 0.062222
0 0.4 0.804444 0.03 0.062222
0 0.4825 0.92 0.0175 0.044444
0 0.4925 0.657777 0.0275 0.057777
0 0.475 0.608888 0.0325 0.035555
0 0.4525 0.457777 0.0275 0.044444
0 0.36 0.377777 0.0275 0.044444
0 0.2325 0.262222 0.0225 0.031111
1 0.2225 0.222222 0.02 0.04
1 0.28 0.275555 0.025 0.044444
1 0.315 0.248888 0.02 0.035555
0 0.3825 0.275555 0.0225 0.04
0 0.3625 0.208888 0.025 0.04
0 0.2775 0.084444 0.0175 0.035555
0 0.315 0.053333 0.015 0.035555
0 0.34 0.168888 0.0175 0.035555
0 0.4175 0.16 0.02 0.031111
0 0.255 0.208888 0.0175 0.035555
0 0.44 0.377777 0.025 0.04
0 0.475 0.32 0.0225 0.048888
0 0.5075 0.368888 0.0225 0.044444
0 0.52 0.484444 0.02 0.04
0 0.6325 0.88 0.0325 0.057777
0 0.6775 0.968888 0.035 0.057777
0 0.625 0.573333 0.025 0.04
0 0.6325 0.408888 0.025 0.035555
0 0.5625 0.386666 0.0225 0.044444
0 0.5825 0.351111 0.02 0.035555
0 0.5875 0.284444 0.0175 0.035555
0 0.5325 0.208888 0.02 0.035555
0 0.3325 0.017777 0.015 0.031111
1 0.42 0.048888 0.0125 0.031111
0 0.4525 0.035555 0.02 0.035555
0 0.52 0.08 0.0175 0.035555
0 0.565 0.031111 0.015 0.031111
0 0.6525 0.142222 0.0175 0.035555
1 0.675 0.115555 0.0175 0.026666
0 0.665 0.284444 0.02 0.031111
0 0.7025 0.395555 0.02 0.04
0 0.7325 0.617777 0.03 0.053333
0 0.7275 0.448888 0.0225 0.044444
0 0.7525 0.497777 0.025 0.044444
0 0.765 0.422222 0.0225 0.044444
0 0.76 0.591111 0.0225 0.044444
0 0.71 0.075555 0.015 0.031111
0 0.67 0.017777 0.0175 0.031111
0 0.735 0.017777 0.0125 0.031111
0 0.77 0.035555 0.0125 0.031111
1 0.7725 0.08 0.015 0.031111
1 0.745 0.16 0.015 0.031111
0 0.8125 0.208888 0.02 0.04
0 0.865 0.115555 0.0175 0.031111
1 0.8775 0.017777 0.015 0.026666
0 0.91 0.111111 0.0175 0.031111
0 0.8975 0.186666 0.02 0.035555
0 0.89 0.262222 0.0225 0.04
0 0.8575 0.293333 0.0175 0.04
0 0.9125 0.311111 0.02 0.04
0 0.9525 0.253333 0.0125 0.026666
0 0.925 0.382222 0.025 0.044444
0 0.9575 0.457777 0.025 0.04
0 0.97 0.311111 0.02 0.044444
0 0.86 0.08 0.015 0.026666
0 0.99 0.68 0.02 0.053333
0 0.9875 0.586666 0.0225 0.048888
0 0.94 0.515555 0.0225 0.035555
