0 0.0325 0.240072 0.055 0.081227
0 0.08875 0.279783 0.0325 0.054151
0 0.24125 0.227436 0.03375 0.063176
0 0.3075 0.231046 0.05 0.086642
0 0.345 0.241877 0.02875 0.050541
0 0.395 0.277978 0.0375 0.055956
0 0.4675 0.276173 0.03625 0.052346
0 0.5675 0.315884 0.0525 0.070397
0 0.61625 0.218411 0.045 0.064981
0 0.715 0.238267 0.03125 0.054151
0 0.75375 0.234657 0.0425 0.070397
0 0.83 0.328519 0.04875 0.070397
0 0.905 0.268953 0.04375 0.079422
0 0.425 0.263537 0.02 0.036101
0 0.425 0.263537 0.02 0.036101
0 0.425 0.263537 0.02 0.036101
