0 0.67 0.657534 0.12 0.188356
0 0.8025 0.558219 0.1325 0.195205
0 0.9425 0.455479 0.06 0.102739
0 0.8275 0.256849 0.0675 0.085616
0 0.93 0.222602 0.0325 0.068493
0 0.6875 0.363013 0.08 0.113013
0 0.6325 0.198630 0.045 0.075342
0 0.5625 0.452054 0.0725 0.109589
0 0.3675 0.455479 0.0725 0.119863
0 0.51 0.363013 0.06 0.078767
0 0.2525 0.421232 0.06 0.075342
0 0.1175 0.527397 0.0725 0.116438
0 0.0525 0.380136 0.055 0.078767
0 0.24 0.222602 0.0575 0.071917
0 0.3575 0.171232 0.0525 0.075342
0 0.48 0.219178 0.03 0.054794
0 0.5325 0.256849 0.0325 0.061643
0 0.1425 0.174657 0.0575 0.075342
