0 0.082031 0.232352 0.087890 0.15
0 0.167968 0.391176 0.140625 0.2
0 0.402343 0.364705 0.072265 0.1
0 0.4375 0.214705 0.066406 0.082352
0 0.458984 0.291176 0.058593 0.108823
0 0.533203 0.264705 0.115234 0.161764
0 0.677734 0.264705 0.068359 0.1
1 0.648437 0.126470 0.046875 0.070588
1 0.740234 0.202941 0.046875 0.073529
0 0.8125 0.276470 0.070312 0.117647
0 0.886718 0.444117 0.111328 0.152941
0 0.886718 0.241176 0.054687 0.079411
0 0.859375 0.120588 0.052734 0.073529
0 0.859375 0.120588 0.052734 0.073529
0 0.859375 0.120588 0.052734 0.073529
