0 0.085 0.269387 0.0425 0.085714
0 0.1675 0.318367 0.05 0.073469
0 0.3 0.236734 0.0275 0.057142
0 0.355 0.297959 0.0475 0.097959
0 0.3725 0.236734 0.03 0.061224
0 0.4075 0.277551 0.04 0.077551
0 0.455 0.477551 0.05 0.081632
0 0.435 0.257142 0.015 0.057142
0 0.4775 0.273469 0.0275 0.061224
0 0.5275 0.269387 0.03 0.069387
0 0.56 0.277551 0.0425 0.081632
0 0.6125 0.306122 0.0375 0.065306
0 0.65 0.330612 0.0375 0.077551
0 0.7125 0.355102 0.0525 0.081632
0 0.72 0.216326 0.0225 0.053061
0 0.77 0.257142 0.035 0.069387
1 0.8075 0.257142 0.035 0.061224
0 0.84 0.248979 0.02 0.044897
0 0.8825 0.240816 0.04 0.065306
0 0.9375 0.257142 0.0475 0.077551
