1 0.15 0.844444 0.1175 0.213333
1 0.065 0.591111 0.1025 0.142222
0 0.045 0.391111 0.0825 0.097777
0 0.1425 0.373333 0.09 0.168888
0 0.21 0.346666 0.04 0.084444
1 0.275 0.413333 0.0925 0.173333
0 0.345 0.68 0.1125 0.191111
0 0.445 0.648888 0.085 0.146666
0 0.5875 0.64 0.1325 0.226666
0 0.4975 0.444444 0.0425 0.146666
1 0.36 0.364444 0.065 0.133333
0 0.455 0.315555 0.07 0.124444
1 0.5825 0.284444 0.0625 0.115555
1 0.2125 0.186666 0.055 0.097777
0 0.175 0.204444 0.035 0.084444
0 0.1225 0.137777 0.0425 0.075555
0 0.03 0.208888 0.0575 0.12
0 0.075 0.2 0.035 0.075555
0 0.195 0.044444 0.0275 0.048888
0 0.245 0.12 0.0225 0.048888
0 0.265 0.191111 0.045 0.084444
0 0.4125 0.32 0.04 0.102222
0 0.38 0.217777 0.0375 0.062222
0 0.335 0.164444 0.0375 0.057777
0 0.3775 0.155555 0.0425 0.057777
0 0.335 0.057777 0.025 0.053333
0 0.2925 0.062222 0.0125 0.04
0 0.395 0.08 0.0225 0.048888
0 0.4125 0.115555 0.03 0.048888
1 0.48 0.124444 0.0375 0.075555
0 0.5125 0.208888 0.0425 0.093333
0 0.505 0.28 0.0425 0.084444
0 0.5175 0.053333 0.0125 0.053333
0 0.58 0.062222 0.02 0.044444
0 0.6375 0.044444 0.0275 0.053333
0 0.6575 0.168888 0.045 0.075555
1 0.6275 0.271111 0.025 0.093333
0 0.68 0.377777 0.0625 0.102222
0 0.6875 0.182222 0.0275 0.071111
1 0.7 0.062222 0.02 0.044444
0 0.6825 0.524444 0.0275 0.075555
0 0.75 0.577777 0.08 0.173333
0 0.8175 0.777777 0.1225 0.248888
0 0.85 0.284444 0.06 0.115555
1 0.9575 0.32 0.025 0.102222
0 0.8975 0.262222 0.035 0.102222
0 0.74 0.36 0.0525 0.075555
0 0.7975 0.213333 0.0475 0.084444
0 0.7825 0.115555 0.045 0.088888
0 0.83 0.088888 0.03 0.084444
0 0.915 0.128888 0.02 0.057777
