0 0.385742 0.467013 0.056640 0.118055
0 0.381835 0.260416 0.079101 0.071180
0 0.646484 0.675347 0.060546 0.15625
0 0.579101 0.53125 0.039062 0.131944
0 0.695312 0.262152 0.025390 0.046875
0 0.264648 0.241319 0.030273 0.055555
1 0.083984 0.237847 0.020507 0.036458
1 0.508789 0.217013 0.027343 0.057291
1 0.753906 0.199652 0.019531 0.055555
1 0.577148 0.397569 0.038085 0.0625
0 0.892578 0.342013 0.025390 0.041666
1 0.933593 0.369791 0.038085 0.069444
1 0.939453 0.493055 0.027343 0.098958
1 0.965820 0.361111 0.03125 0.050347
1 0.965820 0.361111 0.03125 0.050347
1 0.965820 0.361111 0.03125 0.050347
