0 0.7925 0.726591 0.1 0.153558
1 0.835 0.524344 0.0775 0.116104
1 0.4475 0.558052 0.0775 0.116104
0 0.5225 0.696629 0.1025 0.146067
0 0.96 0.546816 0.06 0.086142
0 0.1875 0.629213 0.0825 0.153558
0 0.0775 0.509363 0.055 0.089887
0 0.2675 0.584269 0.045 0.101123
0 0.3525 0.531835 0.0525 0.078651
0 0.3925 0.490636 0.0575 0.108614
0 0.52 0.486891 0.06 0.093632
0 0.57 0.486891 0.04 0.071161
0 0.615 0.393258 0.03 0.056179
0 0.7275 0.359550 0.0425 0.052434
1 0.3 0.494382 0.04 0.074906
0 0.1225 0.411985 0.035 0.056179
0 0.375 0.389513 0.045 0.067415
1 0.4725 0.340823 0.0325 0.052434
0 0.5175 0.318352 0.015 0.037453
0 0.6425 0.310861 0.0175 0.033707
0 0.425 0.337078 0.0225 0.037453
0 0.255 0.299625 0.02 0.029962
0 0.6875 0.370786 0.035 0.048689
0 0.58 0.426966 0.03 0.056179
0 0.915 0.314606 0.0225 0.041198
0 0.96 0.307116 0.0225 0.044943
0 0.7825 0.348314 0.0175 0.033707
0 0.94 0.303370 0.02 0.037453
