1 0.048250 0.038329 0.057090 0.071253
0 0.048250 0.347911 0.053406 0.091400
0 0.243462 0.264373 0.061878 0.080589
0 0.282872 0.066339 0.063351 0.091891
1 0.061878 0.471744 0.050092 0.085012
0 0.022467 0.880589 0.041988 0.129238
0 0.095027 0.782309 0.070349 0.116461
0 0.143646 0.713022 0.057090 0.107616
0 0.248618 0.489434 0.055248 0.093857
0 0.492817 0.136609 0.061878 0.076167
0 0.485451 0.267321 0.067034 0.091891
0 0.503130 0.421621 0.061878 0.091400
0 0.366482 0.922850 0.070349 0.111547
0 0.521915 0.747911 0.070349 0.091400
0 0.576427 0.822604 0.075506 0.111547
0 0.661141 0.485012 0.053775 0.085012
0 0.682136 0.264373 0.061878 0.089434
0 0.776795 0.258476 0.060405 0.100737
0 0.855985 0.081081 0.045303 0.071744
0 0.935911 0.339066 0.067034 0.082555
0 0.966850 0.638329 0.061878 0.086977
0 0.966850 0.638329 0.061878 0.086977
0 0.966850 0.638329 0.061878 0.086977
