1 0.1325 0.910204 0.045 0.065306
1 0.03 0.677551 0.04 0.065306
1 0.15 0.685714 0.0375 0.065306
1 0.045 0.575510 0.035 0.057142
1 0.165 0.534693 0.0425 0.065306
1 0.0575 0.436734 0.0375 0.061224
1 0.165 0.440816 0.035 0.040816
1 0.2025 0.387755 0.0325 0.048979
1 0.065 0.289795 0.0325 0.053061
1 0.0975 0.240816 0.0275 0.036734
1 0.2125 0.261224 0.035 0.057142
1 0.12 0.118367 0.03 0.048979
1 0.21 0.134693 0.035 0.057142
1 0.2275 0.065306 0.0325 0.044897
1 0.395 0.126530 0.0175 0.040816
0 0.4725 0.110204 0.02 0.044897
0 0.5175 0.097959 0.0225 0.040816
1 0.455 0.142857 0.03 0.044897
1 0.4575 0.2 0.0275 0.044897
0 0.4375 0.302040 0.0275 0.040816
1 0.475 0.351020 0.02 0.044897
1 0.4525 0.404081 0.0225 0.048979
1 0.4575 0.489795 0.03 0.053061
1 0.4325 0.583673 0.0375 0.057142
1 0.4675 0.657142 0.0325 0.044897
1 0.4775 0.840816 0.035 0.040816
1 0.4925 0.930612 0.0425 0.069387
1 0.4625 0.914285 0.015 0.044897
0 0.5225 0.444897 0.0325 0.048979
1 0.555 0.485714 0.035 0.061224
1 0.5625 0.391836 0.035 0.053061
1 0.535 0.387755 0.025 0.048979
1 0.525 0.208163 0.0175 0.036734
1 0.5475 0.232653 0.03 0.048979
1 0.5825 0.110204 0.025 0.044897
1 0.59 0.253061 0.03 0.048979
1 0.6375 0.240816 0.025 0.036734
1 0.6375 0.351020 0.0325 0.048979
1 0.6175 0.526530 0.03 0.040816
1 0.5625 0.673469 0.0275 0.057142
1 0.6 0.722448 0.035 0.057142
1 0.6425 0.718367 0.0325 0.057142
1 0.65 0.551020 0.035 0.057142
1 0.64 0.942857 0.03 0.057142
1 0.6175 0.155102 0.0275 0.040816
1 0.6575 0.126530 0.0175 0.040816
1 0.6475 0.073469 0.0225 0.032653
1 0.715 0.097959 0.0225 0.036734
1 0.69 0.130612 0.025 0.028571
1 0.72 0.175510 0.03 0.036734
1 0.7075 0.277551 0.035 0.040816
1 0.73 0.253061 0.0125 0.044897
1 0.7 0.375510 0.0325 0.040816
1 0.73 0.420408 0.0325 0.053061
1 0.755 0.428571 0.0175 0.044897
1 0.7425 0.530612 0.0325 0.053061
1 0.735 0.669387 0.0375 0.044897
1 0.77 0.804081 0.035 0.053061
1 0.785 0.877551 0.0225 0.032653
1 0.8025 0.967346 0.035 0.053061
1 0.76 0.102040 0.0175 0.028571
