0 0.0425 0.951327 0.0725 0.088495
0 0.1225 0.853982 0.07 0.132743
0 0.1675 0.765486 0.055 0.119469
1 0.095 0.477876 0.05 0.092920
0 0.265 0.5 0.05 0.110619
0 0.26 0.221238 0.0575 0.092920
0 0.085 0.327433 0.045 0.106194
0 0.0225 0.283185 0.0325 0.088495
0 0.5625 0.902654 0.0725 0.128318
0 0.52 0.809734 0.065 0.097345
0 0.5 0.415929 0.06 0.106194
0 0.4825 0.221238 0.0625 0.092920
0 0.4875 0.066371 0.0575 0.075221
0 0.6625 0.221238 0.055 0.110619
0 0.6425 0.486725 0.055 0.101769
0 0.75 0.221238 0.06 0.115044
0 0.8225 0.141592 0.0575 0.088495
0 0.895 0.318584 0.0675 0.101769
0 0.935 0.681415 0.065 0.101769
