0 0.064375 0.713619 0.045 0.074626
0 0.05125 0.402985 0.021875 0.055970
0 0.135 0.390858 0.033125 0.055037
1 0.054375 0.503731 0.025625 0.0625
1 0.023125 0.529850 0.021875 0.072761
0 0.300625 0.262126 0.0575 0.085820
0 0.375 0.277052 0.05125 0.077425
0 0.488125 0.299440 0.0575 0.095149
0 0.643125 0.313432 0.046875 0.082089
0 0.755 0.288246 0.05625 0.091417
0 0.974375 0.382462 0.035625 0.053171
1 0.975 0.502798 0.036875 0.072761
1 0.975 0.502798 0.036875 0.072761
1 0.975 0.502798 0.036875 0.072761
