1 0.123728 0.300970 0.065254 0.134304
1 0.188135 0.428802 0.062711 0.103559
1 0.193220 0.603559 0.067796 0.137540
1 0.25 0.273462 0.061016 0.132686
1 0.336440 0.550161 0.075423 0.163430
0 0.448305 0.582524 0.089830 0.199029
1 0.543220 0.309061 0.055932 0.134304
1 0.608474 0.669902 0.080508 0.158576
1 0.622033 0.5 0.066949 0.131067
0 0.884745 0.647249 0.080508 0.187702
1 0.962711 0.359223 0.054237 0.121359
1 0.694915 0.155339 0.053389 0.106796
1 0.883050 0.205501 0.042372 0.079288
1 0.484745 0.279935 0.055932 0.100323
1 0.484745 0.279935 0.055932 0.100323
1 0.484745 0.279935 0.055932 0.100323
