0 0.107758 0.586592 0.079022 0.181564
0 0.068965 0.268156 0.063218 0.145251
0 0.136494 0.122905 0.057471 0.150837
0 0.225574 0.513966 0.066091 0.173184
0 0.165229 0.410614 0.056034 0.136871
0 0.333333 0.594972 0.060344 0.198324
0 0.272988 0.935754 0.094827 0.125698
0 0.426724 0.899441 0.110632 0.198324
0 0.420977 0.360335 0.071839 0.173184
0 0.341954 0.243016 0.061781 0.148044
0 0.544540 0.379888 0.058908 0.142458
0 0.577586 0.784916 0.081896 0.162011
0 0.629310 0.586592 0.063218 0.175977
0 0.604885 0.326815 0.066091 0.164804
0 0.662356 0.128491 0.054597 0.134078
1 0.535919 0.094972 0.047413 0.097765
0 0.765804 0.418994 0.058908 0.145251
0 0.807471 0.681564 0.089080 0.203910
0 0.857758 0.653631 0.057471 0.156424
0 0.965517 0.458100 0.068965 0.187150
0 0.925287 0.203910 0.061781 0.150837
0 0.943965 0.058659 0.053160 0.089385
0 0.849137 0.365921 0.067528 0.139664
0 0.974137 0.891061 0.047413 0.217877
0 0.974137 0.891061 0.047413 0.217877
0 0.974137 0.891061 0.047413 0.217877
