1 0.037728 0.229458 0.041784 0.076688
0 0.097363 0.282410 0.068965 0.132075
0 0.158215 0.276323 0.028397 0.042604
0 0.303448 0.234327 0.055578 0.096165
0 0.350101 0.269628 0.034077 0.071211
0 0.531845 0.292757 0.038945 0.070602
1 0.581744 0.245283 0.036916 0.072428
0 0.626774 0.315885 0.043407 0.072428
0 0.791075 0.342665 0.053549 0.090079
1 0.399594 0.356664 0.026774 0.038344
0 0.944421 0.230675 0.019066 0.032866
0 0.705070 0.238587 0.023123 0.043822
0 0.705070 0.238587 0.023123 0.043822
0 0.705070 0.238587 0.023123 0.043822
