0 0.082857 0.315714 0.046666 0.074285
0 0.146666 0.282857 0.037142 0.061428
0 0.197142 0.25 0.029523 0.048571
0 0.266666 0.325714 0.048571 0.071428
0 0.419047 0.315714 0.046666 0.071428
0 0.506666 0.247142 0.081904 0.134285
0 0.603809 0.24 0.041904 0.087142
0 0.695238 0.324285 0.028571 0.045714
0 0.761904 0.278571 0.041904 0.072857
0 0.852380 0.33 0.036190 0.061428
0 0.936190 0.302857 0.035238 0.062857
0 0.970476 0.292857 0.02 0.048571
0 0.279047 0.237142 0.028571 0.035714
0 0.279047 0.237142 0.028571 0.035714
0 0.279047 0.237142 0.028571 0.035714
