1 0.149 0.843416 0.117 0.213523
1 0.064 0.588967 0.103 0.138790
0 0.044 0.389679 0.081 0.097864
0 0.14 0.370106 0.089 0.167259
0 0.208 0.345195 0.041 0.083629
1 0.275 0.412811 0.094 0.172597
0 0.345 0.679715 0.113 0.192170
0 0.443 0.647686 0.086 0.144128
0 0.587 0.638790 0.133 0.229537
0 0.497 0.443060 0.042 0.145907
1 0.358 0.362989 0.065 0.133451
0 0.453 0.311387 0.07 0.124555
1 0.583 0.281138 0.062 0.113879
1 0.211 0.185053 0.054 0.099644
0 0.174 0.204626 0.035 0.083629
0 0.122 0.138790 0.041 0.074733
0 0.03 0.208185 0.058 0.117437
0 0.073 0.199288 0.037 0.074733
0 0.195 0.042704 0.027 0.048042
0 0.244 0.119217 0.022 0.046263
0 0.263 0.188612 0.043 0.083629
0 0.41 0.320284 0.04 0.103202
0 0.38 0.215302 0.038 0.062277
0 0.334 0.163701 0.037 0.058718
0 0.376 0.156583 0.043 0.056939
0 0.333 0.055160 0.026 0.055160
0 0.292 0.060498 0.011 0.039145
0 0.395 0.080071 0.023 0.046263
0 0.412 0.115658 0.03 0.046263
1 0.479 0.122775 0.038 0.072953
0 0.512 0.208185 0.042 0.092526
0 0.504 0.279359 0.041 0.085409
0 0.516 0.049822 0.013 0.051601
0 0.578 0.058718 0.022 0.040925
0 0.636 0.040925 0.027 0.053380
0 0.655 0.169039 0.044 0.076512
1 0.626 0.270462 0.026 0.094306
0 0.68 0.377224 0.062 0.103202
0 0.687 0.181494 0.028 0.071174
1 0.698 0.060498 0.021 0.044483
0 0.681 0.523131 0.028 0.076512
0 0.748 0.578291 0.082 0.172597
0 0.816 0.774021 0.123 0.247330
0 0.848 0.281138 0.06 0.113879
1 0.955 0.320284 0.025 0.099644
0 0.895 0.261565 0.034 0.101423
0 0.74 0.359430 0.052 0.074733
0 0.796 0.211743 0.049 0.083629
0 0.78 0.112099 0.045 0.087188
0 0.827 0.088967 0.03 0.081850
0 0.912 0.128113 0.02 0.060498
0 0.912 0.128113 0.02 0.060498
0 0.912 0.128113 0.02 0.060498
