1 0.045 0.722846 0.02 0.059925
0 0.0975 0.730337 0.0425 0.071161
0 0.175 0.700374 0.0175 0.044943
0 0.2625 0.756554 0.04 0.059925
1 0.3275 0.569288 0.025 0.044943
0 0.355 0.584269 0.035 0.048689
0 0.3975 0.599250 0.03 0.037453
1 0.37 0.666666 0.0325 0.052434
0 0.3225 0.700374 0.0375 0.048689
0 0.415 0.677902 0.0375 0.059925
0 0.4575 0.625468 0.035 0.063670
0 0.55 0.595505 0.03 0.044943
0 0.505 0.700374 0.04 0.063670
0 0.5275 0.775280 0.0425 0.074906
0 0.6 0.584269 0.0375 0.059925
1 0.575 0.962546 0.0475 0.071161
0 0.5675 0.486891 0.0275 0.037453
0 0.5125 0.449438 0.0225 0.041198
0 0.6175 0.490636 0.025 0.041198
0 0.73 0.415730 0.025 0.037453
0 0.7875 0.426966 0.0175 0.029962
0 0.9075 0.501872 0.025 0.033707
