0 0.041818 0.953150 0.071818 0.092084
0 0.121818 0.854604 0.070909 0.134087
0 0.165454 0.768982 0.053636 0.119547
1 0.094545 0.479806 0.05 0.092084
0 0.263636 0.502423 0.048181 0.109854
0 0.26 0.221324 0.057272 0.092084
0 0.083636 0.326332 0.045454 0.106623
0 0.022727 0.281098 0.030909 0.085621
0 0.562727 0.904684 0.071818 0.127625
0 0.518181 0.809369 0.064545 0.098546
0 0.499090 0.415185 0.061818 0.108239
0 0.481818 0.222940 0.060909 0.090468
0 0.487272 0.066235 0.055454 0.075928
0 0.661818 0.222940 0.054545 0.111470
0 0.640909 0.489499 0.053636 0.103392
0 0.748181 0.221324 0.059090 0.116316
0 0.821818 0.138933 0.057272 0.087237
0 0.896363 0.318255 0.067272 0.101777
0 0.933636 0.684975 0.062727 0.101777
0 0.933636 0.684975 0.062727 0.101777
0 0.933636 0.684975 0.062727 0.101777
