1 0.043945 0.721815 0.020507 0.061493
0 0.096679 0.729136 0.042968 0.071742
0 0.174804 0.698389 0.018554 0.043923
0 0.260742 0.754026 0.039062 0.061493
1 0.326171 0.568081 0.023437 0.046852
0 0.353515 0.584187 0.036132 0.046852
0 0.396484 0.597364 0.030273 0.040995
1 0.368164 0.666178 0.032226 0.052708
0 0.322265 0.699853 0.036132 0.051244
0 0.414062 0.676427 0.036132 0.061493
0 0.456054 0.625183 0.033203 0.061493
0 0.547851 0.594436 0.03125 0.043923
0 0.503906 0.699853 0.039062 0.062957
0 0.526367 0.774524 0.042968 0.076134
0 0.599609 0.581259 0.037109 0.057101
1 0.574218 0.963396 0.047851 0.071742
0 0.567382 0.484626 0.027343 0.038067
0 0.511718 0.448023 0.024414 0.039531
0 0.615234 0.489019 0.025390 0.040995
0 0.728515 0.412884 0.024414 0.036603
0 0.787109 0.424597 0.018554 0.030746
0 0.905273 0.500732 0.024414 0.036603
0 0.905273 0.500732 0.024414 0.036603
0 0.905273 0.500732 0.024414 0.036603
