0 0.229166 0.170634 0.060416 0.126984
0 0.8625 0.710317 0.145833 0.313492
0 0.354166 0.670634 0.14375 0.349206
0 0.510416 0.599206 0.10625 0.257936
0 0.1625 0.404761 0.10625 0.238095
1 0.272916 0.25 0.060416 0.150793
0 0.40625 0.246031 0.05625 0.170634
0 0.129166 0.162698 0.079166 0.170634
0 0.058333 0.325396 0.10625 0.238095
0 0.335416 0.305555 0.0875 0.210317
0 0.625 0.388888 0.095833 0.257936
0 0.71875 0.333333 0.075 0.178571
0 0.8625 0.369047 0.0875 0.190476
0 0.8625 0.369047 0.0875 0.190476
0 0.8625 0.369047 0.0875 0.190476
