0 0.085 0.235955 0.045 0.067415
0 0.1875 0.116104 0.0325 0.048689
0 0.255 0.284644 0.0425 0.059925
0 0.37 0.089887 0.0325 0.044943
0 0.415 0.146067 0.04 0.063670
0 0.5175 0.355805 0.0525 0.086142
0 0.455 0.082397 0.0375 0.056179
0 0.52 0.093632 0.035 0.052434
0 0.62 0.265917 0.045 0.071161
0 0.6075 0.209737 0.035 0.052434
1 0.4225 0.078651 0.025 0.029962
1 0.5925 0.101123 0.0225 0.041198
0 0.6 0.041198 0.025 0.033707
0 0.665 0.134831 0.0325 0.041198
1 0.63 0.026217 0.025 0.037453
0 0.6975 0.078651 0.025 0.044943
0 0.75 0.056179 0.03 0.048689
0 0.7675 0.059925 0.0125 0.033707
1 0.7275 0.052434 0.02 0.033707
1 0.8825 0.059925 0.03 0.037453
0 0.955 0.101123 0.03 0.044943
