0 0.194335 0.449652 0.079101 0.145833
1 0.390625 0.614583 0.141601 0.295138
0 0.090820 0.342013 0.061523 0.118055
0 0.165039 0.178819 0.045898 0.102430
1 0.220703 0.329861 0.053710 0.092013
0 0.28125 0.262152 0.051757 0.079861
0 0.348632 0.239583 0.061523 0.086805
0 0.426757 0.286458 0.048828 0.081597
0 0.472656 0.357638 0.058593 0.107638
0 0.545898 0.368055 0.067382 0.085069
1 0.462890 0.171875 0.036132 0.071180
0 0.379882 0.097222 0.022460 0.043402
0 0.465820 0.079861 0.023437 0.043402
0 0.675781 0.456597 0.091796 0.154513
0 0.129882 0.203125 0.036132 0.083333
0 0.265625 0.182291 0.044921 0.067708
0 0.576171 0.057291 0.015625 0.03125
0 0.797851 0.904513 0.068359 0.190972
0 0.839843 0.541666 0.086914 0.171875
0 0.825195 0.286458 0.067382 0.102430
0 0.817382 0.425347 0.037109 0.092013
0 0.777343 0.210069 0.043945 0.100694
0 0.869140 0.173611 0.034179 0.067708
0 0.869140 0.173611 0.034179 0.067708
0 0.869140 0.173611 0.034179 0.067708
