0 0.2675 0.108597 0.025 0.063348
0 0.2375 0.149321 0.04 0.067873
0 0.165 0.633484 0.08 0.140271
0 0.3375 0.524886 0.0625 0.126696
0 0.42 0.312217 0.055 0.113122
0 0.4025 0.036199 0.02 0.036199
0 0.4575 0.054298 0.0175 0.045248
0 0.5575 0.081447 0.03 0.049773
0 0.5425 0.253393 0.0525 0.108597
0 0.57 0.425339 0.0625 0.122171
0 0.6525 0.248868 0.0575 0.108597
1 0.75 0.126696 0.03 0.058823
0 0.8125 0.158371 0.035 0.076923
0 0.7875 0.049773 0.0275 0.054298
0 0.8525 0.040723 0.035 0.058823
0 0.9 0.067873 0.0325 0.045248
