0 0.36 0.103761 0.050833 0.099870
0 0.8275 0.202334 0.054166 0.107652
0 0.686666 0.324254 0.065833 0.145265
0 0.116666 0.509727 0.071666 0.140077
0 0.136666 0.106355 0.05 0.115434
0 0.5075 0.328145 0.0525 0.103761
0 0.374166 0.437094 0.054166 0.149156
0 0.25 0.392996 0.055 0.099870
0 0.050833 0.343709 0.055833 0.119325
0 0.2325 0.160830 0.060833 0.106355
0 0.63 0.138780 0.0425 0.086900
0 0.558333 0.422827 0.061666 0.149156
0 0.668333 0.652399 0.115833 0.271076
0 0.8 0.523994 0.133333 0.278858
0 0.943333 0.431906 0.050833 0.137483
0 0.943333 0.431906 0.050833 0.137483
0 0.943333 0.431906 0.050833 0.137483
