0 0.07 0.917968 0.1075 0.162109
0 0.195 0.796875 0.07 0.111328
0 0.30375 0.742187 0.12875 0.228515
0 0.495 0.615234 0.0775 0.166015
0 0.3225 0.244140 0.045 0.074218
0 0.4 0.113281 0.03625 0.056640
0 0.42375 0.248046 0.035 0.068359
0 0.49875 0.140625 0.02875 0.044921
0 0.5925 0.154296 0.03625 0.060546
0 0.56625 0.375 0.0375 0.068359
0 0.6925 0.564453 0.1025 0.160156
0 0.7575 0.193359 0.035 0.054687
1 0.84875 0.34375 0.0375 0.058593
1 0.665 0.201171 0.03625 0.060546
1 0.4475 0.457031 0.04875 0.076171
1 0.4475 0.457031 0.04875 0.076171
1 0.4475 0.457031 0.04875 0.076171
