0 0.13 0.050359 0.015 0.021582
0 0.09 0.201438 0.02 0.028776
1 0.14 0.291366 0.0225 0.035971
0 0.13 0.370503 0.0275 0.039568
0 0.1775 0.377697 0.0175 0.039568
0 0.0175 0.482014 0.025 0.039568
0 0.0725 0.464028 0.025 0.032374
0 0.1325 0.474820 0.03 0.039568
1 0.1125 0.571942 0.0275 0.039568
0 0.075 0.705035 0.0275 0.032374
1 0.16 0.633093 0.0225 0.039568
0 0.3625 0.017985 0.0175 0.025179
0 0.3525 0.057553 0.0225 0.032374
0 0.3175 0.093525 0.015 0.025179
0 0.3025 0.122302 0.015 0.028776
0 0.2675 0.151079 0.02 0.028776
0 0.245 0.241007 0.0175 0.021582
1 0.2125 0.251798 0.0175 0.021582
0 0.2225 0.284172 0.0175 0.025179
1 0.2675 0.291366 0.02 0.028776
0 0.265 0.402877 0.02 0.032374
1 0.285 0.453237 0.0175 0.028776
0 0.29 0.564748 0.0275 0.043165
0 0.2625 0.615107 0.03 0.043165
0 0.325 0.780575 0.0325 0.050359
0 0.245 0.949640 0.0375 0.053956
0 0.455 0.017985 0.01 0.017985
0 0.42 0.057553 0.015 0.025179
0 0.3925 0.071942 0.0175 0.021582
1 0.4025 0.118705 0.0125 0.025179
0 0.4325 0.107913 0.02 0.032374
0 0.325 0.208633 0.0175 0.025179
0 0.3975 0.208633 0.0175 0.028776
1 0.3475 0.241007 0.02 0.032374
1 0.3 0.273381 0.0175 0.028776
0 0.3675 0.294964 0.0225 0.032374
0 0.3425 0.370503 0.0225 0.025179
0 0.455 0.327338 0.02 0.032374
0 0.4225 0.374100 0.025 0.028776
0 0.3575 0.464028 0.02 0.035971
0 0.4325 0.435251 0.0225 0.035971
0 0.3775 0.625899 0.025 0.043165
0 0.3825 0.701438 0.025 0.043165
0 0.41 0.712230 0.0275 0.046762
0 0.4125 0.938848 0.0375 0.053956
0 0.4625 0.794964 0.0175 0.035971
0 0.47 0.589928 0.0275 0.039568
0 0.455 0.550359 0.0275 0.028776
0 0.4775 0.071942 0.0125 0.021582
0 0.545 0.035971 0.0125 0.021582
0 0.51 0.079136 0.0125 0.010791
0 0.54 0.107913 0.0175 0.025179
0 0.575 0.064748 0.015 0.025179
0 0.4975 0.143884 0.0175 0.028776
0 0.535 0.201438 0.01 0.017985
0 0.5075 0.241007 0.0225 0.025179
0 0.5625 0.302158 0.02 0.028776
0 0.4875 0.366906 0.02 0.035971
0 0.5575 0.352517 0.02 0.028776
0 0.5375 0.377697 0.0225 0.039568
0 0.4975 0.456834 0.02 0.032374
0 0.63 0.010791 0.015 0.017985
0 0.6425 0.089928 0.015 0.025179
0 0.6675 0.071942 0.0125 0.021582
0 0.695 0.089928 0.01 0.021582
0 0.705 0.093525 0.015 0.025179
1 0.6775 0.140287 0.0125 0.021582
0 0.7375 0.111510 0.015 0.028776
1 0.74 0.143884 0.015 0.025179
0 0.71 0.205035 0.0175 0.025179
1 0.645 0.172661 0.0175 0.021582
0 0.625 0.190647 0.02 0.028776
0 0.6375 0.298561 0.02 0.025179
0 0.605 0.395683 0.0225 0.032374
0 0.6725 0.388489 0.02 0.028776
0 0.5975 0.525179 0.0275 0.032374
0 0.605 0.762589 0.0325 0.046762
0 0.55 0.874100 0.035 0.050359
0 0.6475 0.830935 0.0325 0.046762
0 0.7675 0.014388 0.0175 0.021582
0 0.8225 0.079136 0.015 0.028776
1 0.84 0.093525 0.0125 0.021582
0 0.8225 0.143884 0.0125 0.025179
0 0.8275 0.172661 0.0175 0.025179
0 0.7775 0.241007 0.02 0.032374
0 0.82 0.309352 0.0175 0.028776
0 0.6975 0.428057 0.0225 0.035971
0 0.7325 0.402877 0.0225 0.032374
0 0.72 0.464028 0.025 0.032374
0 0.7275 0.539568 0.0225 0.039568
0 0.7 0.557553 0.0275 0.043165
0 0.76 0.917266 0.035 0.053956
0 0.905 0.978417 0.04 0.039568
0 0.9675 0.985611 0.0375 0.028776
0 0.91 0.809352 0.0325 0.043165
0 0.9425 0.787769 0.0275 0.050359
0 0.945 0.607913 0.0275 0.043165
0 0.945 0.535971 0.0275 0.039568
0 0.9975 0.492805 0.01 0.035971
0 0.9 0.478417 0.02 0.017985
0 0.915 0.438848 0.0225 0.035971
0 0.8825 0.377697 0.0225 0.035971
0 0.9275 0.323741 0.02 0.035971
0 0.8725 0.323741 0.0225 0.032374
0 0.8525 0.284172 0.0175 0.032374
0 0.91 0.276978 0.0125 0.021582
0 0.8575 0.226618 0.02 0.028776
0 0.8725 0.169064 0.015 0.025179
0 0.9625 0.183453 0.0125 0.025179
0 0.985 0.107913 0.015 0.025179
0 0.8975 0.075539 0.015 0.021582
0 0.87 0.043165 0.0125 0.025179
0 0.9325 0.053956 0.015 0.017985
1 0.96 0.032374 0.01 0.021582
1 0.995 0.071942 0.0125 0.017985
