0 0.05 0.273657 0.048333 0.067774
0 0.185 0.249360 0.04 0.060102
0 0.265833 0.255754 0.035833 0.066496
0 0.408333 0.240409 0.041666 0.062659
0 0.453333 0.231457 0.030833 0.054987
0 0.4875 0.226342 0.029166 0.062659
0 0.5225 0.170076 0.033333 0.040920
0 0.511666 0.281329 0.038333 0.058823
0 0.576666 0.352941 0.056666 0.086956
1 0.6725 0.209718 0.043333 0.075447
0 0.6925 0.373401 0.061666 0.108695
0 0.809166 0.184143 0.0375 0.061381
0 0.800833 0.345268 0.0525 0.069053
0 0.9175 0.453964 0.080833 0.135549
1 0.865 0.424552 0.035 0.076726
1 0.865 0.424552 0.035 0.076726
1 0.865 0.424552 0.035 0.076726
