0 0.017708 0.515740 0.023958 0.043518
0 0.076041 0.804629 0.022395 0.036111
0 0.074479 0.494444 0.025520 0.041666
0 0.138541 0.505555 0.025 0.052777
1 0.11875 0.632407 0.025520 0.05
1 0.166145 0.714814 0.020833 0.044444
0 0.134375 0.375 0.024479 0.047222
0 0.184895 0.385185 0.0125 0.046296
1 0.146875 0.271296 0.021875 0.041666
0 0.092187 0.154629 0.017708 0.038888
0 0.273958 0.688888 0.028645 0.057407
0 0.339583 0.898148 0.032291 0.060185
0 0.303645 0.624074 0.026041 0.053703
1 0.298958 0.483333 0.01875 0.037962
0 0.276562 0.415740 0.020833 0.044444
0 0.372916 0.491666 0.019791 0.046296
0 0.39375 0.700925 0.028125 0.054629
0 0.429166 0.814814 0.028125 0.060185
0 0.397916 0.801851 0.030729 0.060185
0 0.482291 0.918518 0.01875 0.045370
0 0.492708 0.658333 0.028645 0.056481
0 0.475 0.605555 0.031770 0.037037
0 0.452083 0.455555 0.025520 0.046296
0 0.360416 0.375 0.026041 0.042592
0 0.232291 0.262037 0.021875 0.035185
1 0.221354 0.221296 0.019791 0.041666
1 0.278645 0.271296 0.022916 0.043518
1 0.314062 0.246296 0.019270 0.038888
0 0.383333 0.275925 0.022395 0.042592
0 0.361979 0.208333 0.024479 0.042592
0 0.276562 0.084259 0.017187 0.035185
0 0.314583 0.051851 0.015625 0.034259
0 0.340104 0.166666 0.019270 0.031481
0 0.416145 0.161111 0.019791 0.033333
0 0.255208 0.206481 0.017708 0.034259
0 0.439583 0.376851 0.025 0.039814
0 0.474479 0.319444 0.021354 0.046296
0 0.507291 0.368518 0.021354 0.044444
0 0.51875 0.484259 0.020312 0.039814
0 0.632291 0.878703 0.03125 0.056481
0 0.677083 0.967592 0.035416 0.058333
0 0.623958 0.572222 0.026562 0.041666
0 0.631770 0.406481 0.023958 0.037962
0 0.5625 0.384259 0.024479 0.046296
0 0.581770 0.347222 0.019791 0.034259
0 0.586979 0.283333 0.019270 0.036111
0 0.530208 0.206481 0.019270 0.032407
0 0.330729 0.017592 0.014062 0.029629
1 0.420312 0.048148 0.013020 0.028703
0 0.451041 0.032407 0.01875 0.037962
0 0.519270 0.077777 0.016666 0.035185
0 0.564583 0.031481 0.015104 0.030555
0 0.652604 0.139814 0.019791 0.037037
1 0.675 0.113888 0.016666 0.028703
0 0.664062 0.282407 0.01875 0.032407
0 0.700520 0.394444 0.020312 0.037962
0 0.731770 0.614814 0.029687 0.051851
0 0.728125 0.448148 0.022916 0.044444
0 0.751041 0.494444 0.025520 0.044444
0 0.764583 0.418518 0.022395 0.045370
0 0.760937 0.587962 0.021875 0.046296
0 0.708333 0.074074 0.014062 0.030555
0 0.669791 0.016666 0.017187 0.031481
0 0.734375 0.016666 0.010937 0.032407
0 0.769791 0.036111 0.013541 0.032407
1 0.770833 0.078703 0.015104 0.031481
1 0.743229 0.158333 0.016145 0.032407
0 0.810416 0.207407 0.020312 0.040740
0 0.865104 0.114814 0.019270 0.030555
1 0.876562 0.015740 0.013541 0.029629
0 0.910416 0.112037 0.01875 0.033333
0 0.895312 0.184259 0.019270 0.037037
0 0.890104 0.262037 0.020833 0.040740
0 0.857291 0.292592 0.019270 0.038888
0 0.911458 0.312037 0.021354 0.041666
0 0.952083 0.250925 0.013541 0.027777
0 0.923958 0.379629 0.022916 0.045370
0 0.95625 0.458333 0.026041 0.039814
0 0.967708 0.310185 0.019791 0.045370
0 0.858333 0.078703 0.013020 0.027777
0 0.989062 0.679629 0.021875 0.053703
0 0.988020 0.587037 0.023437 0.046296
0 0.940104 0.511111 0.020833 0.036111
0 0.940104 0.511111 0.020833 0.036111
0 0.940104 0.511111 0.020833 0.036111
