0 0.266884 0.106719 0.025054 0.063241
0 0.236383 0.150197 0.039215 0.071146
0 0.164488 0.636363 0.078431 0.138339
0 0.337690 0.523715 0.062091 0.124505
0 0.420479 0.312252 0.054466 0.112648
0 0.403050 0.035573 0.019607 0.035573
0 0.457516 0.051383 0.018518 0.045454
0 0.556644 0.079051 0.031590 0.049407
0 0.543572 0.252964 0.052287 0.108695
0 0.570806 0.426877 0.064270 0.122529
0 0.653594 0.247035 0.057734 0.110671
1 0.750544 0.126482 0.030501 0.057312
0 0.812636 0.160079 0.035947 0.079051
0 0.788671 0.045454 0.027233 0.053359
0 0.852941 0.039525 0.033769 0.061264
0 0.900871 0.067193 0.033769 0.045454
0 0.900871 0.067193 0.033769 0.045454
0 0.900871 0.067193 0.033769 0.045454
