0 0.082031 0.243045 0.035156 0.060029
0 0.170898 0.250366 0.041015 0.070278
1 0.222656 0.197657 0.029296 0.040995
1 0.252929 0.156661 0.039062 0.058565
1 0.353515 0.194729 0.045898 0.067349
0 0.501953 0.235724 0.050781 0.090775
0 0.534179 0.180087 0.022460 0.058565
1 0.596679 0.178623 0.042968 0.067349
0 0.658203 0.166910 0.042968 0.070278
0 0.822265 0.146412 0.056640 0.099560
0 0.749023 0.125915 0.026367 0.046852
0 0.717773 0.194729 0.026367 0.042459
1 0.058593 0.166910 0.030273 0.051244
1 0.058593 0.166910 0.030273 0.051244
1 0.058593 0.166910 0.030273 0.051244
