0 0.045714 0.592639 0.084761 0.121827
0 0.085714 0.427664 0.039047 0.058375
0 0.121904 0.394670 0.025714 0.043147
0 0.170476 0.348984 0.023809 0.031725
0 0.022857 0.361675 0.022857 0.026649
0 0.197142 0.430203 0.037142 0.044416
0 0.235238 0.361675 0.027619 0.038071
0 0.286666 0.529187 0.114285 0.162436
0 0.291428 0.355329 0.025714 0.027918
0 0.377142 0.368020 0.016190 0.021573
0 0.400952 0.390862 0.026666 0.032994
0 0.442857 0.455583 0.043809 0.058375
0 0.541904 0.445431 0.061904 0.087563
0 0.508571 0.401015 0.022857 0.045685
0 0.445714 0.381979 0.018095 0.021573
0 0.583809 0.352791 0.027619 0.027918
0 0.700952 0.394670 0.025714 0.029187
0 0.7 0.346446 0.016190 0.022842
0 0.747619 0.441624 0.024761 0.031725
0 0.728571 0.362944 0.017142 0.016497
0 0.776190 0.399746 0.020952 0.027918
0 0.825714 0.447969 0.049523 0.063451
0 0.891428 0.402284 0.023809 0.032994
0 0.988571 0.461928 0.021904 0.068527
0 0.960952 0.387055 0.031428 0.034263
1 0.543809 0.350253 0.013333 0.020304
1 0.543809 0.350253 0.013333 0.020304
1 0.543809 0.350253 0.013333 0.020304
