0 0.0425 0.881632 0.065 0.114285
0 0.1275 0.783673 0.065 0.110204
0 0.1675 0.714285 0.0525 0.093877
1 0.095 0.477551 0.0425 0.069387
0 0.085 0.355102 0.04 0.089795
0 0.0275 0.322448 0.035 0.073469
1 0.0825 0.048979 0.05 0.081632
0 0.2975 0.077551 0.0525 0.081632
0 0.26 0.269387 0.055 0.069387
0 0.265 0.497959 0.045 0.089795
0 0.375 0.926530 0.07 0.106122
0 0.5175 0.746938 0.0625 0.081632
0 0.565 0.824489 0.0725 0.102040
0 0.4975 0.428571 0.0575 0.093877
0 0.4825 0.277551 0.0625 0.085714
0 0.49 0.151020 0.0575 0.073469
0 0.64 0.493877 0.0475 0.081632
0 0.66 0.273469 0.0525 0.089795
0 0.745 0.269387 0.0575 0.093877
0 0.9325 0.644897 0.07 0.073469
0 0.8925 0.346938 0.06 0.081632
0 0.8225 0.204081 0.045 0.073469
0 0.82 0.089795 0.045 0.061224
