0 0.125 0.535580 0.135 0.217228
0 0.4325 0.689138 0.1325 0.202247
0 0.5375 0.794007 0.0725 0.161048
0 0.67 0.820224 0.125 0.205992
0 0.8175 0.760299 0.0925 0.157303
0 0.655 0.464419 0.0675 0.119850
0 0.7225 0.423220 0.07 0.108614
0 0.51 0.378277 0.0475 0.086142
0 0.5625 0.325842 0.0575 0.086142
0 0.5975 0.217228 0.0375 0.063670
0 0.6825 0.198501 0.0375 0.059925
0 0.535 0.205992 0.0375 0.059925
0 0.5825 0.157303 0.03 0.044943
0 0.65 0.146067 0.035 0.044943
0 0.7425 0.134831 0.035 0.037453
0 0.9175 0.134831 0.025 0.029962
