0 0.055 0.133333 0.07 0.133333
0 0.1725 0.151111 0.0825 0.137777
0 0.19 0.417777 0.0875 0.151111
0 0.105 0.755555 0.0775 0.137777
0 0.3175 0.462222 0.085 0.164444
0 0.2975 0.813333 0.0775 0.12
0 0.5175 0.617777 0.0875 0.177777
0 0.5325 0.902222 0.08 0.164444
0 0.6 0.568888 0.0775 0.146666
0 0.735 0.777777 0.0775 0.164444
0 0.8475 0.32 0.08 0.155555
0 0.97 0.182222 0.0575 0.12
0 0.9675 0.426666 0.065 0.151111
0 0.8375 0.626666 0.0775 0.16
0 0.945 0.711111 0.0925 0.164444
0 0.815 0.924444 0.0875 0.151111
