0 0.067187 0.390625 0.098437 0.167187
0 0.325 0.257812 0.0375 0.071875
0 0.417968 0.285937 0.029687 0.076562
0 0.630468 0.260937 0.038281 0.075
0 0.689843 0.175 0.041406 0.092187
0 0.89375 0.264062 0.078125 0.2
0 0.7125 0.465625 0.040625 0.085937
1 0.826562 0.285937 0.053125 0.092187
1 0.38125 0.217187 0.022656 0.054687
0 0.291406 0.214062 0.01875 0.064062
1 0.203125 0.192187 0.035156 0.09375
0 0.550781 0.176562 0.035937 0.068750
0 0.550781 0.176562 0.035937 0.068750
0 0.550781 0.176562 0.035937 0.068750
