0 0.12 0.614232 0.0725 0.082397
0 0.2475 0.561797 0.06 0.078651
0 0.3125 0.535580 0.0475 0.074906
0 0.3825 0.823970 0.075 0.101123
0 0.475 0.471910 0.065 0.086142
0 0.77 0.464419 0.08 0.104868
0 0.935 0.535580 0.04 0.074906
0 0.53 0.393258 0.0375 0.074906
0 0.625 0.355805 0.025 0.063670
0 0.5625 0.262172 0.035 0.056179
0 0.4625 0.232209 0.0275 0.044943
0 0.1625 0.445692 0.035 0.067415
0 0.27 0.370786 0.0375 0.044943
0 0.15 0.363295 0.025 0.041198
0 0.355 0.419475 0.0425 0.056179
0 0.3125 0.262172 0.0225 0.044943
0 0.1525 0.254681 0.025 0.044943
0 0.21 0.322097 0.025 0.037453
0 0.095 0.344569 0.0225 0.037453
0 0.0775 0.284644 0.02 0.029962
0 0.225 0.217228 0.02 0.029962
