1 0.060324 0.483478 0.092807 0.139130
1 0.087006 0.12 0.067285 0.095652
0 0.146171 0.088695 0.054524 0.095652
0 0.309744 0.045217 0.055684 0.085217
1 0.228538 0.116521 0.071925 0.109565
1 0.263341 0.283478 0.045243 0.076521
1 0.215777 0.476521 0.085846 0.130434
1 0.157772 0.64 0.109048 0.111304
0 0.209976 0.876521 0.131090 0.219130
1 0.357308 0.659130 0.140371 0.16
1 0.323665 0.377391 0.091647 0.125217
1 0.344547 0.135652 0.071925 0.078260
1 0.439675 0.151304 0.064965 0.090434
0 0.5 0.113043 0.071925 0.099130
0 0.488399 0.349565 0.089327 0.130434
1 0.569605 0.260869 0.062645 0.099130
1 0.628770 0.111304 0.077726 0.114782
1 0.734338 0.107826 0.069605 0.078260
1 0.744779 0.266086 0.062645 0.088695
0 0.679814 0.426086 0.098607 0.154782
1 0.634570 0.664347 0.090487 0.125217
0 0.752900 0.794782 0.100928 0.144347
0 0.828306 0.497391 0.090487 0.137391
1 0.865429 0.144347 0.060324 0.093913
1 0.975638 0.088695 0.048723 0.073043
0 0.923433 0.314782 0.073085 0.097391
0 0.923433 0.314782 0.073085 0.097391
0 0.923433 0.314782 0.073085 0.097391
