1 0.06 0.483146 0.0925 0.138576
1 0.0875 0.123595 0.0675 0.097378
0 0.1475 0.089887 0.055 0.093632
0 0.31 0.044943 0.0575 0.086142
1 0.23 0.116104 0.07 0.108614
1 0.265 0.284644 0.045 0.074906
1 0.2175 0.479400 0.085 0.127340
1 0.1575 0.640449 0.1075 0.108614
0 0.2125 0.876404 0.13 0.220973
1 0.36 0.659176 0.14 0.161048
1 0.325 0.378277 0.0925 0.123595
1 0.345 0.138576 0.0725 0.074906
1 0.44 0.153558 0.065 0.089887
0 0.5 0.116104 0.0725 0.097378
0 0.49 0.352059 0.09 0.127340
1 0.57 0.262172 0.0625 0.101123
1 0.63 0.112359 0.0775 0.116104
1 0.735 0.108614 0.0675 0.078651
1 0.745 0.269662 0.0625 0.089887
0 0.6825 0.426966 0.1 0.153558
1 0.635 0.666666 0.0925 0.127340
0 0.755 0.797752 0.1 0.142322
0 0.83 0.498127 0.09 0.138576
1 0.8675 0.146067 0.06 0.093632
1 0.9775 0.089887 0.05 0.074906
0 0.925 0.318352 0.0725 0.097378
