0 0.0975 0.752212 0.17 0.318584
0 0.2625 0.615044 0.1025 0.190265
1 0.3025 0.380530 0.065 0.106194
0 0.4125 0.513274 0.085 0.146017
1 0.4775 0.353982 0.035 0.119469
0 0.5475 0.424778 0.1075 0.212389
0 0.645 0.420353 0.085 0.181415
1 0.675 0.137168 0.045 0.084070
0 0.865 0.212389 0.0475 0.075221
0 0.92 0.181415 0.055 0.101769
0 0.74 0.314159 0.0475 0.084070
0 0.7825 0.420353 0.0725 0.141592
0 0.96 0.438053 0.0675 0.137168
0 0.755 0.911504 0.135 0.168141
0 0.4425 0.101769 0.0325 0.057522
1 0.5975 0.137168 0.03 0.070796
1 0.7775 0.048672 0.0325 0.048672
