0 0.025 0.164444 0.0425 0.08
0 0.085 0.208888 0.055 0.102222
1 0.1 0.36 0.0525 0.093333
0 0.0475 0.857777 0.0775 0.142222
0 0.2625 0.106666 0.06 0.084444
0 0.275 0.386666 0.0575 0.115555
0 0.1675 0.653333 0.0575 0.133333
0 0.125 0.742222 0.0725 0.137777
0 0.3775 0.915555 0.0675 0.133333
0 0.4875 0.106666 0.0675 0.102222
0 0.5 0.297777 0.0625 0.111111
0 0.5175 0.697777 0.0575 0.097777
0 0.57 0.791111 0.075 0.128888
0 0.6625 0.106666 0.06 0.097777
0 0.6425 0.377777 0.055 0.111111
0 0.75 0.106666 0.07 0.124444
0 0.825 0.035555 0.0525 0.062222
0 0.895 0.2 0.0675 0.102222
0 0.9325 0.568888 0.075 0.111111
